5.104945231255212379e-01 1.896606698432080407e+00 4.346725370221146134e-01 4.674531456375127791e-01 -7.527914722043089757e-01 -9.004755180292995931e-01 -7.471259579441882348e-01 -5.558699499896403440e-01 -5.255089599866622496e-01 -1.805595629844743144e-01 0.000000000000000000e+00
4.994488428559459292e-01 -2.674681333900539748e+00 7.351896836718927464e-01 4.245986611449794612e-01 9.867959475301339989e-01 2.361539578771787440e+00 2.450554607198307977e+00 2.261246829282240078e+00 1.236791063213164010e+00 1.439867032902449440e+00 0.000000000000000000e+00
1.743928819894720705e+00 -8.005063334203830205e-01 1.568699505511843784e+00 1.753087680413512484e+00 -1.235969092402774416e+00 -6.136431560692039433e-01 -4.649285608115084623e-01 -1.418586662952100730e-01 9.632210235106639651e-01 -5.208702199880346217e-01 0.000000000000000000e+00
-1.919555136180959964e+00 -2.004252302213148720e-02 -1.828845292083384866e+00 -1.771336548393248833e+00 2.770039538155401715e+00 2.479647021931826512e+00 1.470377849110242829e+00 7.192848037892054514e-01 1.803017424457872941e+00 3.413247406176966425e+00 0.000000000000000000e+00
8.639562917519189034e-01 -2.244497114597688581e-01 8.259118411510715241e-01 8.210026427009127215e-01 -1.050245382341801648e+00 -5.236565327091740052e-01 -5.350604583237720258e-01 1.267886555687315064e-01 -9.644934422999765777e-01 -7.768934077647072778e-01 0.000000000000000000e+00
-1.337815975316680950e+00 3.622254657443597092e-01 -1.266367915712479197e+00 -1.293866167005606860e+00 1.645338186391747115e+00 7.792747846912603249e-01 5.436349176981878362e-01 2.898170988368495848e-01 1.017298822056506458e+00 9.320350308104483616e-01 0.000000000000000000e+00
-1.536638220169029179e+00 9.515552817593662116e-01 -1.466523675650916347e+00 -1.450642156107457836e+00 1.001594649527023595e+00 1.649145477171550134e+00 1.234935050319072136e+00 -8.271025423140199520e-03 -6.362093946558473835e-04 1.831803764807479196e+00 0.000000000000000000e+00
-2.258841615128064084e-01 7.391841768890933251e-01 -4.045074196602848060e-01 -3.010706095952516148e-01 -1.702128205304815678e+00 -1.592435157241530286e+00 -2.009667093873296562e+00 -1.929283381765297678e+00 -1.597521789983668672e+00 -8.506449433382342606e-01 0.000000000000000000e+00
-3.142496036694057970e-01 -6.810475869308548758e-01 -3.534762060782474791e-01 -3.610668878847981267e-01 -5.892658151386719334e-01 -4.205468601091394976e-01 -8.984104797206426962e-01 -7.211064534374622692e-01 -5.986730403722144711e-01 -4.450114976838354663e-01 0.000000000000000000e+00
-2.884763497070642613e-01 9.276635324614604938e-01 -3.478060712357983753e-01 -3.549958359150224285e-01 -1.557840860835135732e+00 -9.642160429093208363e-01 -9.010821710544433261e-01 -1.178174910636113237e+00 -5.827678055057901041e-01 -1.228884961493894812e+00 0.000000000000000000e+00
-7.192578802204858679e-01 -8.640849329409171220e-02 -8.558501531191974321e-01 -7.056883673455869310e-01 -4.730960044630848071e-01 -1.492887455149497056e+00 -1.325714112420363300e+00 -1.216815963780926824e+00 -1.413021065533145215e+00 -6.135864361376113241e-01 0.000000000000000000e+00
-4.762529142898377366e-01 -1.644681475279717420e+00 -4.158476893451822920e-01 -6.346213472288025903e-01 1.654679867027281648e-01 1.159843212651386901e+00 9.076528619285083588e-01 4.381251409069430447e-01 1.561257854488221852e+00 5.559021993854599275e-01 0.000000000000000000e+00
6.075124148266433308e-03 2.454213580657093885e-01 9.412423838466183260e-03 8.033430238829518399e-02 5.206368346280928483e-01 -1.112178423090366686e-01 -1.408064823267084383e-02 2.224712633558889596e-01 -1.119728534596269032e-01 -1.837203430804828508e-01 0.000000000000000000e+00
1.864879018846574421e-01 -1.076588769751738228e+00 3.496205143853849395e-01 1.092610794207552471e-01 1.001594649527023595e+00 1.424178918771475066e+00 1.161463538639557536e+00 2.003639808316816318e+00 3.212221233623076877e+00 9.573212715785152094e-01 0.000000000000000000e+00
-7.560768144524021572e-01 2.852409402288860751e-01 -7.044575528258185670e-01 -8.474652868750515156e-01 2.488031773227034060e-02 6.592926202112200373e-01 -1.810613565952034487e-01 8.005138176500493918e-02 7.055562186745883979e-01 4.421141159291612222e-01 0.000000000000000000e+00
7.277262350938278335e-01 -5.455282756355053775e-02 6.954987397747520728e-01 7.567209159621126613e-01 -7.890482920966902514e-01 -8.442338784292808818e-01 -7.252389615955726065e-02 -3.070951697430314153e-01 -1.059924851498523113e+00 -8.485377566075621436e-01 0.000000000000000000e+00
-4.909804879826039636e-01 1.278075855497410540e+00 -4.215178241876305631e-01 -5.346275500795582003e-01 2.320621456887339007e-01 3.387152744911131053e-01 2.497488709801305995e-01 6.827506080658556076e-02 -3.314650946162844836e-01 3.753426364009885413e-02 0.000000000000000000e+00
3.448093190818977694e-01 -1.434965009220322996e+00 2.929191659608985088e-01 2.606802579610395521e-01 -4.878947064599744032e-01 -6.736342383092240871e-01 -9.116019556812827718e-01 -2.253969430939971597e-01 -9.263208786205576750e-01 -3.744207422063163260e-01 0.000000000000000000e+00
-1.764915612406911194e+00 -4.660218432497040819e-01 -1.808999820134814085e+00 -1.576705764656326503e+00 4.318446226467511639e-01 -6.092844289995115632e-04 -5.267114229056453212e-01 -1.245152736087123513e+00 8.614275203655473723e-01 1.364008310598250340e+00 0.000000000000000000e+00
1.423051808063574286e-01 9.356274488940961032e-01 1.681761994270281058e-01 6.140690507075938220e-02 1.082987510509920037e+00 -3.810371082901203854e-02 1.475387270361118830e+00 1.274979949014618974e+00 6.928320307814485046e-01 -1.289334880830048935e-01 0.000000000000000000e+00
1.346284330190022915e+00 -1.623444364792690164e+00 1.432616269293075950e+00 1.481675945294134822e+00 -3.524865831884292366e-01 -3.530568925891171550e-01 7.456815748168520441e-01 6.861639010936511074e-01 -7.036475904906156487e-01 -6.546765773857194937e-01 1.000000000000000000e+00
-1.429863310896472006e+00 -1.371253677759241452e+00 -1.430801826143490274e+00 -1.354933807407466828e+00 1.023792702522359654e+00 9.875094553103358486e-02 2.180225363912492165e-01 -3.310158216898206884e-01 -1.119728534596269032e-01 6.949765236098254251e-01 1.000000000000000000e+00
-1.076401542270074341e+00 9.941622346739671656e-02 -1.113274274966365551e+00 -1.086379037920924606e+00 1.023792702522359654e+00 2.412297658510809684e-01 -9.965951362378119294e-01 -9.496406820367876422e-01 5.274175881706342217e-01 9.973578194612876535e-01 1.000000000000000000e+00
-7.708043881451690504e-01 1.880678865566809188e+00 -7.430144697544689425e-01 -7.974683883004293206e-01 6.538251526001043201e-01 1.474936998510496533e-01 1.762773593006160544e-01 -4.421548507349036816e-01 8.677896143121173189e-01 6.033139008255851143e-01 1.000000000000000000e+00
-1.853833338576986178e-01 5.959664130422096667e-02 -9.832013816805841577e-02 -2.974994025542072040e-01 8.832050335519028295e-01 9.479997034913161258e-01 3.148713472415180514e-01 6.309623966010603491e-01 4.256240850255185171e-01 8.972664497543573203e-01 1.000000000000000000e+00
1.666609058007695987e+00 6.860914006715252977e-01 1.551689100984497305e+00 1.863795098685890217e+00 -7.979275132948240312e-01 -9.267216165093083990e-01 -7.287580800243096402e-01 2.448186724246319279e-02 -8.308894694220111399e-01 -1.292100563414060543e+00 1.000000000000000000e+00
8.970933325606434972e-01 1.155962470197003489e+00 1.047047100006569087e+00 7.924329863725571022e-01 -1.054684992940869037e+00 1.262952885251421353e+00 9.577470744372681422e-01 5.135671970468174141e-01 8.900569431251117436e-01 -1.700236293311130076e-01 1.000000000000000000e+00
7.424538087865940605e-01 -7.580321124463285098e-01 7.862208972539308505e-01 6.924391892233127122e-01 3.578511126623000749e-01 3.180933399711064480e-01 7.356627323150998210e-01 5.610404909104453886e-01 -3.919049871086968118e-01 -4.797800787399265077e-01 1.000000000000000000e+00
-5.646183564464370974e-01 4.153182419619276811e-01 -7.129627550894910293e-01 -6.046232080840293621e-01 -1.073183370436981754e+00 -1.515196638857504441e+00 -1.683386789732908007e+00 -1.925235271435841167e+00 -1.317589656334598791e+00 -8.643416570876034655e-01 1.000000000000000000e+00
9.486398404853266797e-01 -5.005321477911230943e-01 8.882833244180062815e-01 9.638509243426903739e-01 1.748096673382605951e-02 -4.674148931091551828e-01 -3.513816791249863569e-01 1.577014980845825864e-01 -3.600945173758479667e-01 -5.724962948895032655e-01 1.000000000000000000e+00
-8.775792974177262229e-01 4.498285465033467490e-01 -7.605918877660597932e-01 -8.442512005381112017e-01 -1.211643725995518485e-02 9.217536050113077639e-01 1.004501672778777221e+00 3.221007787142596279e-02 -2.583010142307322621e-01 8.298364743728466886e-01 1.000000000000000000e+00
-1.455636564858813653e+00 8.984625055417981843e-01 -1.539101401634259236e+00 -1.368147273459331181e+00 5.280361856265370912e-01 -4.767884997091583199e-01 -6.769940604319246713e-01 -6.228477754406506195e-01 -3.982670810552667584e-01 9.021393190690395192e-02 1.000000000000000000e+00
-1.043264501461349747e+00 -1.238521737215320995e+00 -1.100232964828733451e+00 -1.064237554266449060e+00 -3.228891791946489898e-01 -4.430435159491471486e-01 -1.259923713325525441e+00 -1.286737869471541673e+00 -1.171261495563494126e+00 6.492769113883709031e-02 1.000000000000000000e+00
9.081390128302189169e-01 1.548849014207008157e+00 1.092408178746157255e+00 8.924267835218016032e-01 1.216175828481931509e+00 5.149390785711722707e-01 6.738798702209631841e-01 2.253886628683227755e+00 -1.260330810815470937e+00 7.581921255299918228e-01 1.000000000000000000e+00
1.523015214503221859e+00 6.303439856430784749e-01 1.563029370669395401e+00 1.620953019894868063e+00 -1.305060532350760527e-01 -2.484005749000450271e-03 1.729377451333657667e-01 5.831210927074818029e-01 -7.322770132501799090e-01 -9.096461717970557581e-01 1.000000000000000000e+00
4.847212691631797021e-01 -1.182641590246319291e-01 2.475580872213094807e-01 3.567457273651350458e-01 -1.557100925735291463e+00 -1.582499134245526795e+00 -1.342746144673341746e+00 -1.092796583687572820e+00 3.142874409605474484e-01 -1.558659684844093896e+00 1.000000000000000000e+00
8.713200785983019614e-01 -4.102744282212572591e-01 7.692104927265850378e-01 9.138540257680681789e-01 -1.693988919206525168e+00 -1.337660529853445190e+00 -1.012458303532252302e+00 -1.081388272759104208e+00 -2.678441551505867380e-01 -1.538641410902708451e+00 1.000000000000000000e+00
1.346284330190022915e+00 2.746223849853717258e-01 1.302203167916758053e+00 1.460248703047868135e+00 -9.237164802683911491e-01 -5.836476149491941490e-01 -1.742026239992158776e-02 2.595390736226606265e-02 1.036385103896216187e+00 -9.159677319890727754e-01 1.000000000000000000e+00
3.853101467370055877e-01 7.552447416949108205e-02 4.290024021796662868e-01 2.913926385140218622e-01 4.762407286374219506e-01 2.787241922510935166e-01 5.369556893636863171e-01 7.266450043882172194e-01 -1.883179808184645698e-01 -3.565096549956029426e-01 1.000000000000000000e+00
1.088551790566608668e+00 -6.120269778480167400e-01 1.183130336225335366e+00 1.185265760887445952e+00 5.132374836296474951e-01 2.805989135710938998e-01 1.627339714971023810e+00 1.580428273873620393e+00 -1.017935031451121589e-02 -4.450114976838354663e-01 1.000000000000000000e+00
