18.02 27.6 117.5 1013 0.09489 0.1036 0.1086 0.07055 0.1865 0.06333 0
17.99 10.38 122.8 1001 0.1184 0.2776 0.3001 0.1471 0.2419 0.07871 0
21.37 17.44 137.5 1373 0.08836 0.1189 0.1255 0.0818 0.2333 0.0601 0
11.42 20.38 77.58 386.1 0.1425 0.2839 0.2414 0.1052 0.2597 0.09744 0
18.98 19.61 124.4 1112 0.09087 0.1237 0.1213 0.0891 0.1727 0.05767 0
13 21.82 87.5 519.8 0.1273 0.1932 0.1859 0.09353 0.235 0.07389 0
12.46 24.04 83.97 475.9 0.1186 0.2396 0.2273 0.08543 0.203 0.08243 0
16.02 23.24 102.7 797.8 0.08206 0.06669 0.03299 0.03323 0.1528 0.05697 0
15.78 17.89 103.6 781 0.0971 0.1292 0.09954 0.06606 0.1842 0.06082 0
15.85 23.95 103.7 782.7 0.08401 0.1002 0.09938 0.05364 0.1847 0.05338 0
14.68 20.13 94.74 684.5 0.09867 0.072 0.07395 0.05259 0.1586 0.05922 0
15.34 14.26 102.5 704.4 0.1073 0.2135 0.2077 0.09756 0.2521 0.07032 0
16.65 21.38 110 904.6 0.1121 0.1457 0.1525 0.0917 0.1995 0.0633 0
17.14 16.4 116 912.7 0.1186 0.2276 0.2229 0.1401 0.304 0.07413 0
14.58 21.53 97.41 644.8 0.1054 0.1868 0.1425 0.08783 0.2252 0.06924 0
18.61 20.25 122.1 1094 0.0944 0.1066 0.149 0.07731 0.1697 0.05699 0
15.3 25.27 102.4 732.4 0.1082 0.1697 0.1683 0.08751 0.1926 0.0654 0
17.57 15.05 115 955.1 0.09847 0.1157 0.09875 0.07953 0.1739 0.06149 0
11.84 18.7 77.93 440.6 0.1109 0.1516 0.1218 0.05182 0.2301 0.07799 0
17.02 23.98 112.8 899.3 0.1197 0.1496 0.2417 0.1203 0.2248 0.06382 0
20.29 14.34 135.1 1297 0.1003 0.1328 0.198 0.1043 0.1809 0.05883 1
12.75 15.29 84.6 502.7 0.1189 0.1569 0.1664 0.07666 0.1995 0.07164 1
13.71 20.83 90.2 577.9 0.1189 0.1645 0.09366 0.05985 0.2196 0.07451 1
14.54 27.54 96.73 658.8 0.1139 0.1595 0.1639 0.07364 0.2303 0.07077 1
16.13 20.68 108.1 798.8 0.117 0.2022 0.1722 0.1028 0.2164 0.07356 1
21.16 23.04 137.2 1404 0.09428 0.1022 0.1097 0.08632 0.1769 0.05278 1
19.07 24.81 128.3 1104 0.09081 0.219 0.2107 0.09961 0.231 0.06343 1
18.65 17.6 123.7 1076 0.1099 0.1686 0.1974 0.1009 0.1907 0.06049 1
15.1 22.02 97.26 712.8 0.09056 0.07081 0.05253 0.03334 0.1616 0.05684 1
19.21 18.57 125.5 1152 0.1053 0.1267 0.1323 0.08994 0.1917 0.05961 1
14.25 22.15 96.42 645.7 0.1049 0.2008 0.2135 0.08653 0.1949 0.07292 1
12.68 23.84 82.69 499 0.1122 0.1262 0.1128 0.06873 0.1905 0.0659 1
13.8 15.79 90.43 584.1 0.1007 0.128 0.07789 0.05069 0.1662 0.06566 1
19.1 26.29 129.1 1132 0.1215 0.1791 0.1937 0.1469 0.1634 0.07224 1
20.77 22.83 137.4 1336 0.1033 0.1515 0.1637 0.1015 0.18 0.05641 1
17.95 20.01 114.2 982 0.08402 0.06722 0.07293 0.05596 0.2129 0.05025 1
19 18.91 123.4 1138 0.08217 0.08028 0.09271 0.05627 0.1946 0.05044 1
20.29 21.49 132.8 1291 0.09258 0.1205 0.1523 0.08636 0.2356 0.05635 1
17.68 20.74 117.4 963.7 0.1115 0.1665 0.1855 0.1054 0.1971 0.06166 1
19.59 18.15 130.7 1214 0.112 0.1666 0.2508 0.1286 0.2027 0.06082 1
