   6.9254264e-01
   6.9056985e-01
   6.8860092e-01
   6.8660439e-01
   6.8455135e-01
   6.8241610e-01
   6.8017701e-01
   6.7781696e-01
   6.7532369e-01
   6.7269072e-01
   6.6991921e-01
   6.6701877e-01
   6.6400588e-01
   6.6090109e-01
   6.5772678e-01
   6.5450533e-01
   6.5125739e-01
   6.4800024e-01
   6.4474688e-01
   6.4150713e-01
   6.3829077e-01
   6.3510935e-01
   6.3197444e-01
   6.2889568e-01
   6.2588061e-01
   6.2293414e-01
   6.2005692e-01
   6.1724529e-01
   6.1449366e-01
   6.1179724e-01
   6.0915376e-01
   6.0656301e-01
   6.0402131e-01
   6.0150859e-01
   5.9898342e-01
   5.9640789e-01
   5.9377898e-01
   5.9111995e-01
   5.8845237e-01
   5.8578728e-01
   5.8312951e-01
   5.8048167e-01
   5.7784599e-01
   5.7522493e-01
   5.7262139e-01
   5.7003860e-01
   5.6748003e-01
   5.6494914e-01
   5.6244923e-01
   5.5998326e-01
   5.5755382e-01
   5.5516305e-01
   5.5281270e-01
   5.5050418e-01
   5.4823862e-01
   5.4601693e-01
   5.4383989e-01
   5.4170811e-01
   5.3962215e-01
   5.3758244e-01
   5.3558934e-01
   5.3364311e-01
   5.3174391e-01
   5.2989178e-01
   5.2808668e-01
   5.2632841e-01
   5.2461668e-01
   5.2295107e-01
   5.2133105e-01
   5.1975597e-01
   5.1822509e-01
   5.1673754e-01
   5.1529240e-01
   5.1388864e-01
   5.1252517e-01
   5.1120085e-01
   5.0991447e-01
   5.0866480e-01
   5.0745054e-01
   5.0627040e-01
   5.0512305e-01
   5.0400716e-01
   5.0292137e-01
   5.0186434e-01
   5.0083473e-01
   4.9983121e-01
   4.9885246e-01
   4.9789719e-01
   4.9696414e-01
   4.9605209e-01
   4.9515986e-01
   4.9428632e-01
   4.9343042e-01
   4.9259116e-01
   4.9176763e-01
   4.9095902e-01
   4.9016460e-01
   4.8938373e-01
   4.8861586e-01
   4.8786051e-01
   4.8711725e-01
   4.8638570e-01
   4.8566546e-01
   4.8495614e-01
   4.8425726e-01
   4.8356823e-01
   4.8288814e-01
   4.8221565e-01
   4.8154891e-01
   4.8088565e-01
   4.8022360e-01
   4.7956092e-01
   4.7889652e-01
   4.7823007e-01
   4.7756175e-01
   4.7689202e-01
   4.7622141e-01
   4.7555035e-01
   4.7487920e-01
   4.7420823e-01
   4.7353763e-01
   4.7286759e-01
   4.7219824e-01
   4.7152975e-01
   4.7086226e-01
   4.7019598e-01
   4.6953108e-01
   4.6886780e-01
   4.6820635e-01
   4.6754700e-01
   4.6688999e-01
   4.6623558e-01
   4.6558405e-01
   4.6493567e-01
   4.6429069e-01
   4.6364938e-01
   4.6301199e-01
   4.6237876e-01
   4.6174994e-01
   4.6112572e-01
   4.6050633e-01
   4.5989194e-01
   4.5928275e-01
   4.5867890e-01
   4.5808055e-01
   4.5748784e-01
   4.5690087e-01
   4.5631977e-01
   4.5574462e-01
   4.5517552e-01
   4.5461256e-01
   4.5405579e-01
   4.5350529e-01
   4.5296111e-01
   4.5242331e-01
   4.5189193e-01
   4.5136700e-01
   4.5084856e-01
   4.5033663e-01
   4.4983121e-01
   4.4933232e-01
   4.4883995e-01
   4.4835408e-01
   4.4787469e-01
   4.4740175e-01
   4.4693522e-01
   4.4647506e-01
   4.4602120e-01
   4.4557359e-01
   4.4513216e-01
   4.4469684e-01
   4.4426755e-01
   4.4384421e-01
   4.4342675e-01
   4.4301507e-01
   4.4260910e-01
   4.4220874e-01
   4.4181391e-01
   4.4142454e-01
   4.4104052e-01
   4.4066178e-01
   4.4028825e-01
   4.3991983e-01
   4.3955645e-01
   4.3919804e-01
   4.3884451e-01
   4.3849580e-01
   4.3815183e-01
   4.3781254e-01
   4.3747785e-01
   4.3714770e-01
   4.3682202e-01
   4.3650075e-01
   4.3618383e-01
   4.3587120e-01
   4.3556279e-01
   4.3525856e-01
   4.3495844e-01
   4.3466239e-01
   4.3437036e-01
