   6.9280918e-01
   6.8984044e-01
   6.8701746e-01
   6.8432606e-01
   6.8175310e-01
   6.7928587e-01
   6.7691201e-01
   6.7461976e-01
   6.7239822e-01
   6.7023748e-01
   6.6812869e-01
   6.6606393e-01
   6.6403619e-01
   6.6203931e-01
   6.6006802e-01
   6.5811806e-01
   6.5618641e-01
   6.5427133e-01
   6.5237230e-01
   6.5048957e-01
   6.4862355e-01
   6.4677432e-01
   6.4494146e-01
   6.4312406e-01
   6.4132091e-01
   6.3953056e-01
   6.3775139e-01
   6.3598178e-01
   6.3422013e-01
   6.3246493e-01
   6.3071452e-01
   6.2896585e-01
   6.2721162e-01
   6.2543588e-01
   6.2361043e-01
   6.2169979e-01
   6.1968844e-01
   6.1760708e-01
   6.1550977e-01
   6.1343184e-01
   6.1138462e-01
   6.0936686e-01
   6.0737174e-01
   6.0538988e-01
   6.0341055e-01
   6.0142205e-01
   5.9941222e-01
   5.9737001e-01
   5.9528807e-01
   5.9316322e-01
   5.9098872e-01
   5.8874372e-01
   5.8640456e-01
   5.8398602e-01
   5.8155686e-01
   5.7919714e-01
   5.7694677e-01
   5.7479350e-01
   5.7270423e-01
   5.7064772e-01
   5.6860383e-01
   5.6657101e-01
   5.6457014e-01
   5.6263188e-01
   5.6077273e-01
   5.5898863e-01
   5.5726658e-01
   5.5559418e-01
   5.5396219e-01
   5.5236428e-01
   5.5079612e-01
   5.4925473e-01
   5.4773803e-01
   5.4624457e-01
   5.4477331e-01
   5.4332353e-01
   5.4189468e-01
   5.4048637e-01
   5.3909827e-01
   5.3773010e-01
   5.3638156e-01
   5.3505237e-01
   5.3374222e-01
   5.3245079e-01
   5.3117773e-01
   5.2992271e-01
   5.2868541e-01
   5.2746552e-01
   5.2626278e-01
   5.2507692e-01
   5.2390772e-01
   5.2275499e-01
   5.2161855e-01
   5.2049822e-01
   5.1939385e-01
   5.1830526e-01
   5.1723228e-01
   5.1617470e-01
   5.1513232e-01
   5.1410490e-01
   5.1309217e-01
   5.1209384e-01
   5.1110961e-01
   5.1013913e-01
   5.0918204e-01
   5.0823798e-01
   5.0730655e-01
   5.0638734e-01
   5.0547994e-01
   5.0458395e-01
   5.0369897e-01
   5.0282459e-01
   5.0196044e-01
   5.0110616e-01
   5.0026143e-01
   4.9942594e-01
   4.9859942e-01
   4.9778163e-01
   4.9697237e-01
   4.9617144e-01
   4.9537870e-01
   4.9459399e-01
   4.9381721e-01
   4.9304823e-01
   4.9228695e-01
   4.9153329e-01
   4.9078714e-01
   4.9004841e-01
   4.8931701e-01
   4.8859285e-01
   4.8787581e-01
   4.8716582e-01
   4.8646275e-01
   4.8576652e-01
   4.8507700e-01
   4.8439411e-01
   4.8371772e-01
   4.8304774e-01
   4.8238405e-01
   4.8172655e-01
   4.8107514e-01
   4.8042970e-01
   4.7979015e-01
   4.7915639e-01
   4.7852832e-01
   4.7790586e-01
   4.7728892e-01
   4.7667742e-01
   4.7607129e-01
   4.7547046e-01
   4.7487487e-01
   4.7428446e-01
   4.7369918e-01
   4.7311898e-01
   4.7254384e-01
   4.7197371e-01
   4.7140856e-01
   4.7084837e-01
   4.7029312e-01
   4.6974279e-01
   4.6919736e-01
   4.6865680e-01
   4.6812111e-01
   4.6759026e-01
   4.6706423e-01
   4.6654299e-01
   4.6602651e-01
   4.6551474e-01
   4.6500766e-01
   4.6450520e-01
   4.6400733e-01
   4.6351398e-01
   4.6302510e-01
   4.6254061e-01
   4.6206045e-01
   4.6158455e-01
   4.6111283e-01
   4.6064523e-01
   4.6018167e-01
   4.5972207e-01
   4.5926635e-01
   4.5881446e-01
   4.5836630e-01
   4.5792182e-01
   4.5748094e-01
   4.5704360e-01
   4.5660974e-01
   4.5617928e-01
   4.5575218e-01
   4.5532837e-01
   4.5490780e-01
   4.5449042e-01
   4.5407618e-01
   4.5366503e-01
   4.5325692e-01
   4.5285182e-01
   4.5244969e-01
   4.5205047e-01
   4.5165415e-01
   4.5126068e-01
