   6.9271948e-01
   6.9079081e-01
   6.8889186e-01
   6.8700871e-01
   6.8512965e-01
   6.8324376e-01
   6.8134081e-01
   6.7941257e-01
   6.7745504e-01
   6.7547030e-01
   6.7346676e-01
   6.7145616e-01
   6.6944706e-01
   6.6744135e-01
   6.6543973e-01
   6.6344817e-01
   6.6147643e-01
   6.5953301e-01
   6.5762129e-01
   6.5573825e-01
   6.5387511e-01
   6.5201937e-01
   6.5015896e-01
   6.4828616e-01
   6.4639792e-01
   6.4449520e-01
   6.4258226e-01
   6.4066489e-01
   6.3874835e-01
   6.3683641e-01
   6.3493130e-01
   6.3303417e-01
   6.3114550e-01
   6.2926516e-01
   6.2739231e-01
   6.2552523e-01
   6.2366133e-01
   6.2179732e-01
   6.1992954e-01
   6.1805419e-01
   6.1616744e-01
   6.1426553e-01
   6.1234478e-01
   6.1040169e-01
   6.0843314e-01
   6.0643679e-01
   6.0441154e-01
   6.0235760e-01
   6.0027597e-01
   5.9816731e-01
   5.9603109e-01
   5.9386569e-01
   5.9166910e-01
   5.8943984e-01
   5.8717740e-01
   5.8488237e-01
   5.8255665e-01
   5.8020364e-01
   5.7782869e-01
   5.7543893e-01
   5.7304239e-01
   5.7064660e-01
   5.6825759e-01
   5.6587977e-01
   5.6351623e-01
   5.6116936e-01
   5.5884114e-01
   5.5653341e-01
   5.5424789e-01
   5.5198623e-01
   5.4974998e-01
   5.4754059e-01
   5.4535938e-01
   5.4320754e-01
   5.4108614e-01
   5.3899610e-01
   5.3693822e-01
   5.3491317e-01
   5.3292147e-01
   5.3096356e-01
   5.2903972e-01
   5.2715016e-01
   5.2529497e-01
   5.2347415e-01
   5.2168760e-01
   5.1993517e-01
   5.1821663e-01
   5.1653168e-01
   5.1487999e-01
   5.1326116e-01
   5.1167478e-01
   5.1012039e-01
   5.0859752e-01
   5.0710565e-01
   5.0564426e-01
   5.0421276e-01
   5.0281053e-01
   5.0143691e-01
   5.0009115e-01
   4.9877245e-01
   4.9747993e-01
   4.9621269e-01
   4.9496974e-01
   4.9375015e-01
   4.9255295e-01
   4.9137725e-01
   4.9022218e-01
   4.8908698e-01
   4.8797093e-01
   4.8687343e-01
   4.8579397e-01
   4.8473216e-01
   4.8368775e-01
   4.8266067e-01
   4.8165097e-01
   4.8065888e-01
   4.7968465e-01
   4.7872844e-01
   4.7779013e-01
   4.7686910e-01
   4.7596418e-01
   4.7507362e-01
   4.7419540e-01
   4.7332753e-01
   4.7246845e-01
   4.7161719e-01
   4.7077332e-01
   4.6993682e-01
   4.6910795e-01
   4.6828708e-01
   4.6747459e-01
   4.6667084e-01
   4.6587613e-01
   4.6509070e-01
   4.6431475e-01
   4.6354842e-01
   4.6279183e-01
   4.6204507e-01
   4.6130819e-01
   4.6058124e-01
   4.5986426e-01
   4.5915725e-01
   4.5846023e-01
   4.5777317e-01
   4.5709605e-01
   4.5642882e-01
   4.5577141e-01
   4.5512375e-01
   4.5448574e-01
   4.5385725e-01
   4.5323818e-01
   4.5262836e-01
   4.5202764e-01
   4.5143586e-01
   4.5085283e-01
   4.5027838e-01
   4.4971232e-01
   4.4915444e-01
   4.4860455e-01
   4.4806246e-01
   4.4752798e-01
   4.4700090e-01
   4.4648106e-01
   4.4596825e-01
   4.4546232e-01
   4.4496309e-01
   4.4447040e-01
   4.4398410e-01
   4.4350404e-01
   4.4303009e-01
   4.4256213e-01
   4.4210003e-01
   4.4164368e-01
   4.4119298e-01
   4.4074784e-01
   4.4030816e-01
   4.3987386e-01
   4.3944487e-01
   4.3902111e-01
   4.3860252e-01
   4.3818904e-01
   4.3778061e-01
   4.3737718e-01
   4.3697870e-01
   4.3658513e-01
   4.3619641e-01
   4.3581252e-01
   4.3543341e-01
   4.3505905e-01
   4.3468941e-01
   4.3432446e-01
   4.3396416e-01
   4.3360850e-01
   4.3325743e-01
   4.3291095e-01
   4.3256901e-01
   4.3223160e-01
   4.3189869e-01
   4.3157026e-01
   4.3124628e-01
