   6.9827475e-01
   6.9543669e-01
   6.9265783e-01
   6.8994035e-01
   6.8728602e-01
   6.8469685e-01
   6.8217655e-01
   6.7973050e-01
   6.7736341e-01
   6.7507592e-01
   6.7286223e-01
   6.7071006e-01
   6.6860369e-01
   6.6652883e-01
   6.6447559e-01
   6.6243839e-01
   6.6041414e-01
   6.5840070e-01
   6.5639592e-01
   6.5439739e-01
   6.5240238e-01
   6.5040800e-01
   6.4841129e-01
   6.4640933e-01
   6.4439911e-01
   6.4237743e-01
   6.4034060e-01
   6.3828415e-01
   6.3620292e-01
   6.3409116e-01
   6.3194038e-01
   6.2973336e-01
   6.2744704e-01
   6.2507966e-01
   6.2265226e-01
   6.2018904e-01
   6.1773603e-01
   6.1533063e-01
   6.1297771e-01
   6.1066711e-01
   6.0838980e-01
   6.0613976e-01
   6.0391323e-01
   6.0170816e-01
   5.9952365e-01
   5.9735948e-01
   5.9521580e-01
   5.9309293e-01
   5.9099124e-01
   5.8891108e-01
   5.8685272e-01
   5.8481633e-01
   5.8280193e-01
   5.8080939e-01
   5.7883844e-01
   5.7688866e-01
   5.7495951e-01
   5.7305044e-01
   5.7116086e-01
   5.6929021e-01
   5.6743800e-01
   5.6560380e-01
   5.6378722e-01
   5.6198788e-01
   5.6020540e-01
   5.5843936e-01
   5.5668929e-01
   5.5495473e-01
   5.5323529e-01
   5.5153072e-01
   5.4984093e-01
   5.4816605e-01
   5.4650641e-01
   5.4486243e-01
   5.4323458e-01
   5.4162331e-01
   5.4002900e-01
   5.3845194e-01
   5.3689234e-01
   5.3535030e-01
   5.3382587e-01
   5.3231901e-01
   5.3082969e-01
   5.2935779e-01
   5.2790322e-01
   5.2646586e-01
   5.2504556e-01
   5.2364223e-01
   5.2225575e-01
   5.2088603e-01
   5.1953301e-01
   5.1819665e-01
   5.1687694e-01
   5.1557388e-01
   5.1428750e-01
   5.1301787e-01
   5.1176501e-01
   5.1052899e-01
   5.0930983e-01
   5.0810756e-01
   5.0692217e-01
   5.0575362e-01
   5.0460184e-01
   5.0346674e-01
   5.0234816e-01
   5.0124594e-01
   5.0015988e-01
   4.9908973e-01
   4.9803526e-01
   4.9699617e-01
   4.9597218e-01
   4.9496298e-01
   4.9396824e-01
   4.9298765e-01
   4.9202087e-01
   4.9106757e-01
   4.9012742e-01
   4.8920008e-01
   4.8828522e-01
   4.8738252e-01
   4.8649167e-01
   4.8561235e-01
   4.8474425e-01
   4.8388709e-01
   4.8304057e-01
   4.8220442e-01
   4.8137837e-01
   4.8056217e-01
   4.7975557e-01
   4.7895833e-01
   4.7817023e-01
   4.7739105e-01
   4.7662057e-01
   4.7585859e-01
   4.7510493e-01
   4.7435938e-01
   4.7362178e-01
   4.7289192e-01
   4.7216966e-01
   4.7145481e-01
   4.7074721e-01
   4.7004669e-01
   4.6935311e-01
   4.6866629e-01
   4.6798610e-01
   4.6731238e-01
   4.6664500e-01
   4.6598380e-01
   4.6532866e-01
   4.6467945e-01
   4.6403604e-01
   4.6339832e-01
   4.6276617e-01
   4.6213950e-01
   4.6151820e-01
   4.6090219e-01
   4.6029138e-01
   4.5968571e-01
   4.5908510e-01
   4.5848952e-01
   4.5789890e-01
   4.5731323e-01
   4.5673248e-01
   4.5615665e-01
   4.5558573e-01
   4.5501974e-01
   4.5445871e-01
   4.5390266e-01
   4.5335163e-01
   4.5280568e-01
   4.5226483e-01
   4.5172914e-01
   4.5119865e-01
   4.5067342e-01
   4.5015346e-01
   4.4963883e-01
   4.4912954e-01
   4.4862563e-01
   4.4812711e-01
   4.4763401e-01
   4.4714635e-01
   4.4666417e-01
   4.4618748e-01
   4.4571636e-01
   4.4525086e-01
   4.4479110e-01
   4.4433720e-01
   4.4388936e-01
   4.4344782e-01
   4.4301289e-01
   4.4258498e-01
   4.4216455e-01
   4.4175218e-01
   4.4134849e-01
   4.4095413e-01
   4.4056972e-01
   4.4019571e-01
   4.3983229e-01
   4.3947925e-01
   4.3913583e-01
