   7.0244391e-01
   6.9967954e-01
   6.9704115e-01
   6.9452860e-01
   6.9213906e-01
   6.8986678e-01
   6.8770419e-01
   6.8564310e-01
   6.8367567e-01
   6.8179516e-01
   6.7999687e-01
   6.7827885e-01
   6.7664188e-01
   6.7508793e-01
   6.7361680e-01
   6.7222189e-01
   6.7088741e-01
   6.6959100e-01
   6.6831011e-01
   6.6702205e-01
   6.6569677e-01
   6.6429826e-01
   6.6280307e-01
   6.6121446e-01
   6.5955260e-01
   6.5783815e-01
   6.5608665e-01
   6.5430845e-01
   6.5251049e-01
   6.5069935e-01
   6.4888050e-01
   6.4705591e-01
   6.4522474e-01
   6.4338530e-01
   6.4153594e-01
   6.3967502e-01
   6.3780049e-01
   6.3590957e-01
   6.3399864e-01
   6.3206354e-01
   6.3010030e-01
   6.2810627e-01
   6.2608118e-01
   6.2402782e-01
   6.2195177e-01
   6.1986017e-01
   6.1776016e-01
   6.1565778e-01
   6.1355772e-01
   6.1146338e-01
   6.0937720e-01
   6.0730083e-01
   6.0523542e-01
   6.0318177e-01
   6.0114050e-01
   5.9911214e-01
   5.9709719e-01
   5.9509616e-01
   5.9310958e-01
   5.9113799e-01
   5.8918197e-01
   5.8724208e-01
   5.8531892e-01
   5.8341302e-01
   5.8152493e-01
   5.7965515e-01
   5.7780416e-01
   5.7597238e-01
   5.7416023e-01
   5.7236805e-01
   5.7059619e-01
   5.6884495e-01
   5.6711460e-01
   5.6540536e-01
   5.6371746e-01
   5.6205107e-01
   5.6040636e-01
   5.5878343e-01
   5.5718240e-01
   5.5560332e-01
   5.5404624e-01
   5.5251116e-01
   5.5099808e-01
   5.4950694e-01
   5.4803766e-01
   5.4659015e-01
   5.4516426e-01
   5.4375985e-01
   5.4237672e-01
   5.4101467e-01
   5.3967346e-01
   5.3835284e-01
   5.3705253e-01
   5.3577225e-01
   5.3451168e-01
   5.3327052e-01
   5.3204844e-01
   5.3084510e-01
   5.2966017e-01
   5.2849329e-01
   5.2734414e-01
   5.2621235e-01
   5.2509760e-01
   5.2399952e-01
   5.2291777e-01
   5.2185201e-01
   5.2080189e-01
   5.1976707e-01
   5.1874719e-01
   5.1774191e-01
   5.1675089e-01
   5.1577378e-01
   5.1481026e-01
   5.1385998e-01
   5.1292263e-01
   5.1199788e-01
   5.1108543e-01
   5.1018497e-01
   5.0929620e-01
   5.0841885e-01
   5.0755264e-01
   5.0669730e-01
   5.0585257e-01
   5.0501821e-01
   5.0419396e-01
   5.0337961e-01
   5.0257492e-01
   5.0177967e-01
   5.0099365e-01
   5.0021667e-01
   4.9944852e-01
   4.9868903e-01
   4.9793801e-01
   4.9719529e-01
   4.9646071e-01
   4.9573412e-01
   4.9501537e-01
   4.9430432e-01
   4.9360084e-01
   4.9290481e-01
   4.9221610e-01
   4.9153462e-01
   4.9086026e-01
   4.9019290e-01
   4.8953248e-01
   4.8887888e-01
   4.8823203e-01
   4.8759184e-01
   4.8695824e-01
   4.8633114e-01
   4.8571047e-01
   4.8509615e-01
   4.8448813e-01
   4.8388632e-01
   4.8329067e-01
   4.8270110e-01
   4.8211756e-01
   4.8153998e-01
   4.8096831e-01
   4.8040250e-01
   4.7984249e-01
   4.7928824e-01
   4.7873970e-01
   4.7819682e-01
   4.7765957e-01
   4.7712791e-01
   4.7660181e-01
   4.7608123e-01
   4.7556613e-01
   4.7505649e-01
   4.7455228e-01
   4.7405346e-01
   4.7356000e-01
   4.7307188e-01
   4.7258906e-01
   4.7211150e-01
   4.7163917e-01
   4.7117204e-01
   4.7071006e-01
   4.7025319e-01
   4.6980139e-01
   4.6935460e-01
   4.6891280e-01
   4.6847591e-01
   4.6804390e-01
   4.6761670e-01
   4.6719427e-01
   4.6677654e-01
   4.6636347e-01
   4.6595498e-01
   4.6555102e-01
   4.6515153e-01
   4.6475645e-01
   4.6436571e-01
   4.6397926e-01
   4.6359703e-01
   4.6321897e-01
   4.6284500e-01
   4.6247507e-01
   4.6210911e-01
