1.320674832760992512e+00 -1.383468962633512378e+00 1.126258503064919703e+00 1.221268465189575325e+00 -1.148093311040723874e+00 -4.784743051686531357e-01 -4.410069805799562426e-01 -1.046673454276076387e-01 1.730040549800253791e+00 -3.991436530049844444e-01 0.000000000000000000e+00
-1.379139489389148432e+00 -1.929347353751315941e+00 -1.321449816066142757e+00 -1.253242497771684283e+00 1.278039794580891675e+00 3.047987977737991461e-01 1.632998512571621208e-01 -2.563239048726247415e-01 3.840914466076737477e-01 1.044300494351352526e+00 1.000000000000000000e+00
-1.300838609976441296e+00 -2.714004263098021563e-01 -1.187265428060848116e+00 -1.204622323732114531e+00 1.945345560370725924e+00 1.053030735584615130e+00 4.514168004215586838e-01 2.414282659128698105e-01 1.797736214753726136e+00 1.325734578541279962e+00 0.000000000000000000e+00
-4.301328309071386635e-01 -1.269215345887925839e+00 -4.423107222383511061e-01 -4.619562734902656898e-01 -4.537775499689183367e-01 -2.661660693710936609e-01 -8.245719036726602003e-01 -5.690786772689643280e-01 -2.251695379735833002e-01 -3.090847460642079381e-01 0.000000000000000000e+00
-7.746567003230497850e-01 -7.004862314210057450e-01 -8.522671628338370775e-01 -7.363332790352060675e-01 -3.290549246962953256e-01 -1.445198213800258813e+00 -1.202669992345321903e+00 -9.665132795499727925e-01 -1.244586610214117872e+00 -5.092156503770447484e-01 0.000000000000000000e+00
1.254902094054318296e+00 3.835382353378814779e-02 1.112377359478164518e+00 1.309410301167742707e+00 -6.778016284840774341e-01 -8.227022214617835116e-01 -6.744555855439285930e-01 2.869601034894446456e-02 -5.158626874796731210e-01 -1.314742540236214285e+00 1.000000000000000000e+00
-8.059770520881325284e-01 -3.450305348791800064e-01 -7.287249849117209965e-01 -8.492116947878913802e-01 2.055840995615129396e-01 9.211110550890440063e-01 -1.898281018212519267e-01 7.324881283181954028e-02 1.407490616786647442e+00 7.441041378820968388e-01 0.000000000000000000e+00
1.305014656878444035e-01 -1.990282616015628392e+00 8.517273405832422040e-02 3.305965050324842502e-02 -3.449431572151002712e-01 -5.444341454164387528e-01 -8.362443339208588400e-01 -1.716440749879555860e-01 -6.353256256328608798e-01 -2.252799298832069419e-01 0.000000000000000000e+00
6.629474456942524574e-01 9.092202800612598779e-01 6.820619082887725559e-01 6.213353235317266021e-01 -6.992507423844654957e-01 6.139855489352931128e-01 1.529571915435682938e-01 -2.778626769338823355e-01 -1.813664606507482679e-01 -8.518829686422146885e-02 0.000000000000000000e+00
-9.093342129129058371e-01 -2.967901189199328438e-01 -9.036273941048290625e-01 -8.827624581602260267e-01 -3.640090362376673383e-01 -6.660476008732931774e-01 -3.464455203413853157e-01 -8.664907627175584270e-01 -5.393932662068115502e-02 -2.552995655301329991e-01 0.000000000000000000e+00
-1.163029062210076958e+00 -3.323356885741155509e-01 -1.248342459842568086e+00 -1.081792410368990875e+00 -1.683526746924472128e+00 -1.686157755205449860e+00 -1.835788519098880078e+00 -1.918940076998447042e+00 -4.561312184030792971e-01 -9.282397312820472868e-01 0.000000000000000000e+00
-1.213141625034209525e+00 -6.624016925058097138e-01 -1.195594114212901182e+00 -1.132402883930648141e+00 1.023105881892769076e-01 3.065321174394074200e-02 -8.403813978062963930e-01 -7.012618263572282240e-01 3.004673899004416948e-01 5.664879603044551404e-01 0.000000000000000000e+00
-1.247594011975800443e+00 -1.073714712789922032e+00 -1.257596555567071173e+00 -1.162541705265118352e+00 1.031772190539404388e+00 -3.919020148434348427e-01 -4.838551422505587563e-01 -3.525107499681026657e-01 9.137104724201379202e-01 5.602338695446779093e-01 0.000000000000000000e+00
-7.652605947935245956e-01 -3.297967193131021157e-01 -8.147880751495996110e-01 -8.148079459060905139e-01 8.649457490919453262e-01 -1.156951838058331156e-01 -3.848611135633046576e-01 -1.214852907357127088e-01 5.115185806377398059e-01 5.364683246575290276e-01 0.000000000000000000e+00
-7.433363485579670416e-01 2.668610570249620451e-01 -7.291876896979457845e-01 -7.823944965463774937e-01 1.142989818171043392e+00 1.192867470769023996e-01 -4.232767067852240550e-01 1.458315241615357194e-01 2.168433331932107522e-01 4.063832368541850371e-01 0.000000000000000000e+00
7.506444306364847829e-01 -1.878567968531054788e+00 6.866889561510238771e-01 6.042756133424038723e-01 4.041870060465830305e-01 6.717004091521052711e-01 1.179835548821801527e+00 1.010627975004620982e+00 2.856974266378656591e+00 5.289634157457970831e-01 0.000000000000000000e+00
1.132752722170494941e+00 -1.496453094748585386e-02 1.121631455202668493e+00 1.116066919022085324e+00 3.875765811405491174e-02 1.934915673556608651e-01 1.234067352190152261e-01 4.765844485542684583e-01 -3.924176513880462958e-01 -8.606955510764648931e-01 1.000000000000000000e+00
-1.266386223034850378e+00 -1.860795183703963573e+00 -1.200683866861377735e+00 -1.175052159403954910e+00 2.938360092796076461e+00 7.088028192914844761e-01 7.646516374618254064e-01 3.146010805867301974e-01 1.053445909169024447e-01 1.704732478583715682e+00 0.000000000000000000e+00
2.495188023951588896e-01 -7.309538625531616374e-01 4.815635116031206919e-02 1.095440178520451918e-01 -1.492867956698805010e+00 -1.543725725170388197e+00 -1.217740725070844299e+00 -8.670808660617024266e-01 9.176925703585782079e-01 -1.631199532680887465e+00 1.000000000000000000e+00
5.783824959285288614e-01 -1.010240481264595980e+00 4.738447544874534456e-01 5.530964827744357937e-01 -1.639834107497755822e+00 -1.274527127159113649e+00 -9.254867120210104048e-01 -8.579342642274699893e-01 1.889686476241334012e-01 -1.607433987793738694e+00 1.000000000000000000e+00
9.824150336980972398e-01 -3.551864119232328587e-01 9.087872535390980611e-01 9.881190926021649057e-01 -8.128516048939256056e-01 -4.454943850447606324e-01 -4.503086583093987572e-02 2.987621703723289737e-02 1.821628802384364310e+00 -8.682004599881968376e-01 1.000000000000000000e+00
-3.267756700823652993e-01 -1.228591837711717094e+00 -3.729050043045780694e-01 -3.709711524805445748e-01 -4.450390220835753197e-01 -5.856590455713046595e-01 -8.994823104554033888e-01 -7.646979358527122850e-01 -1.495096771432317673e-01 -1.014489328396392526e-01 0.000000000000000000e+00
8.571336266377663771e-01 -1.523112271989229605e+00 7.884840091205570500e-01 8.118354206458302524e-01 -1.836775971492231874e-01 -5.918427805945344344e-01 -8.196893623663174810e-02 7.893392209506077117e-01 -6.711645070788175849e-01 -2.277815661871181729e-01 0.000000000000000000e+00
-1.169293132563097304e-01 -1.038169143135739381e+00 -1.785689940900134220e-01 -1.625583596676522247e-01 -1.125055373888454557e+00 -1.036659453265537545e+00 -1.050928399118739920e+00 -5.779302274311247656e-01 -2.208254311316465782e-02 -9.945330933356748560e-01 0.000000000000000000e+00
-5.303579565554032982e-01 -2.792596902495748434e+00 -4.932082487231176926e-01 -5.873451433817876710e-01 1.818239700220281918e+00 2.759413676653927339e-01 7.070282476289460050e-01 7.185268196533233231e-01 2.686106063929252219e-01 9.254727699156063414e-01 0.000000000000000000e+00
-4.551891123192049471e-01 -6.547847847227711293e-01 -5.533598709323875875e-01 -5.028995779446401304e-01 -5.435460637001704454e-01 -1.115605137062105845e+00 -1.321167322206781236e+00 -9.871668965950139984e-01 -1.117159476184050870e+00 -9.757708210563467155e-01 0.000000000000000000e+00
-9.187303184424305824e-01 5.866557762189291564e-02 -8.693872399241673321e-01 -9.484423423891185090e-01 3.724105410089720292e-01 2.044489584309139740e+00 6.316745840013346935e-01 -5.655380572040998866e-01 1.933127544660672603e+00 1.517109755790430725e+00 0.000000000000000000e+00
-1.059671901385303538e+00 -1.520688710421896628e-01 -1.042438829972375247e+00 -1.008151328051748008e+00 1.365425073434321623e+00 -3.176971945646760997e-01 -2.489290144703585062e-01 -5.926828110347256429e-01 -2.570263214810998287e-01 6.853156847402012142e-01 0.000000000000000000e+00
1.922025586650582429e+00 9.599996652815213638e-01 2.116446745586748612e+00 2.108373395034356612e+00 8.967222141295563276e-01 1.366339976761595798e+00 2.910014766624407390e+00 2.261647064589978218e+00 1.200421523987788675e+00 -1.252144777267889808e-01 0.000000000000000000e+00
6.942677974593357559e-01 2.897117803740793529e-01 7.746028655338033087e-01 6.554547439103720619e-01 -3.298493363222353425e-01 4.284734982383963664e-01 6.021241276767812511e-01 5.916546006623550902e-01 8.818536889126213918e-01 -1.039505691435496093e-01 0.000000000000000000e+00
-1.031483584796729192e+00 -1.512956394945177641e+00 -1.027169572026945144e+00 -1.036584178367285780e+00 -1.685115570176516295e-02 1.976140573711475668e-01 -8.324027745986669613e-01 -8.653105560292704279e-01 8.261043177744678001e-01 7.340975926664554674e-01 0.000000000000000000e+00
-2.547388610226746231e-01 -5.278363216721193574e-01 -1.739419462277614903e-01 -3.232039639504410977e-01 2.286942559524886287e-02 3.460236979286650527e-01 3.184397469610679710e-01 -2.470834229609059768e-02 3.283420754695190458e-01 3.550996926240195806e-01 0.000000000000000000e+00
1.051319807581280186e+00 1.249442161037007004e+00 9.828200193351224190e-01 1.067731073485670867e+00 -8.914983558620125370e-01 -7.155174810591322654e-01 7.723414721182923336e-04 -5.745907789608461352e-02 -1.794116125718780097e+00 -9.219856405222717211e-01 0.000000000000000000e+00
7.036639029888598351e-01 1.551464095403880805e-01 7.375864826357904080e-01 6.014323283108501395e-01 -8.907039442362136780e-03 2.821251026886225088e-01 7.321461355048165531e-01 1.036391350552370999e-01 3.163957816542005141e-01 -4.116518345245371302e-01 0.000000000000000000e+00
-1.000163233031645893e+00 -1.482488763813020860e+00 -1.005422447074362458e+00 -9.697669801257718936e-01 5.392369824564311465e-01 -2.929622544717563892e-01 -8.489510301404168402e-01 -9.703489512869089006e-01 3.764892596342919034e-02 -2.490454747703566840e-01 0.000000000000000000e+00
-4.677172530252378113e-01 7.897733170999678143e-02 -1.369255633297493391e-01 -4.832809112269190743e-01 6.425104938286672063e-01 3.489422334737190212e+00 2.397314349393404598e+00 1.544671501454973672e+00 2.375140415827466711e+00 2.220069557189271237e+00 0.000000000000000000e+00
4.280448074561211264e-02 -1.926923792183982964e-01 5.741044688481527353e-02 1.230366977290559515e-02 -1.018604216012457764e+00 -3.053297245182165498e-01 -8.625442400497115303e-01 -3.032371207320758710e-01 8.340685136513461551e-01 -1.082090363972540992e+00 1.000000000000000000e+00
1.120224581464462021e+00 2.089840986432323078e+00 1.042971641544391481e+00 1.352059576641049476e+00 -6.452307518205264714e-01 -5.732915755248448875e-01 -2.755244251624569540e-01 3.282673375795275295e-02 -5.158626874796731210e-01 -8.194185520619425844e-01 0.000000000000000000e+00
6.284950587526615395e-01 9.422268804544300380e-01 6.034020946304963218e-01 5.530964827744357937e-01 -6.451585325818220973e-02 6.569437687557690142e-02 5.430232150276742553e-01 3.331893359272675159e-01 1.375633833279209586e-02 -1.364718410943860649e-01 0.000000000000000000e+00
-1.689210971863468691e+00 -1.205741114362599786e+00 -1.765646410842290015e+00 -1.456821706030935193e+00 -2.488193504763262232e-01 -1.710274321796046548e+00 -1.898583238788556393e+00 -1.481083395643572276e+00 -1.113177378245611582e+00 -5.266702491338589448e-02 0.000000000000000000e+00
3.340837521608824301e-01 -1.020396358308647944e+00 2.563735049616311934e-01 2.374918442719655409e-01 -4.251787314350682911e-01 -6.268839457261706771e-01 -6.256973326084154241e-01 -1.725292300041717242e-01 -3.645429658189689448e-01 -8.319267335814943820e-01 0.000000000000000000e+00
-2.766631072582326767e-01 -5.532260142822491567e-01 -2.896181427840499034e-01 -3.689808529584567842e-01 1.119157469392835447e+00 -2.105124541620251033e-01 -1.115193925611852460e-01 -1.379143042942606104e-02 1.969328435010128109e-01 -6.517520643293683857e-02 1.000000000000000000e+00
1.990930360533765375e+00 3.506470426383918593e-01 1.940618926821189749e+00 2.284657066990690932e+00 3.247458434525550275e-01 -2.847172744407835965e-01 1.114824544907784043e+00 1.642038553238739595e+00 -4.043639452033648829e-01 -1.029556001590421710e+00 1.000000000000000000e+00
2.686242169718604078e+00 -1.378391024111486285e+00 2.824385068511232610e+00 3.032441030289336314e+00 9.602751442047793295e-01 1.941427333921975418e+00 2.680998730109117822e+00 3.126148463760991536e+00 2.287896270085293116e-01 -2.603028381379537404e-01 1.000000000000000000e+00
9.542267171095227818e-01 1.000623173457729109e+00 9.504306842993608395e-01 8.260518458035991385e-01 -2.988672829105643025e-01 5.109232985481282352e-01 1.293168264839256731e-01 1.214213628734313710e+00 -9.376030600507706536e-02 -3.866354714854326469e-01 0.000000000000000000e+00
-1.902189363866031879e+00 -1.030552235352700796e+00 -1.844306224500566138e+00 -1.654430015723923342e+00 1.492530933584766739e+00 1.510627127303626693e+00 2.002379216628539793e-01 -6.395960268941763838e-01 1.184493132234029744e+00 2.027443561788165205e+00 0.000000000000000000e+00
1.395843676997190697e+00 -1.546078403032021820e-01 1.445524805560275849e+00 1.317940156262404017e+00 1.103269236874029335e+00 1.372523711784825684e+00 1.856540998654076402e+00 2.090517094788207686e+00 1.049101802327084387e+00 3.463439655603328671e-01 0.000000000000000000e+00
-5.178298158493703784e-01 -4.592841516247674338e-01 -4.747000572741112978e-01 -3.991196742929269958e-01 7.298957726820982650e-01 3.089212877892852371e-01 -4.650838864716738685e-02 -1.585679213393020523e-02 7.424802610672357472e-01 6.690550487647842770e-01 1.000000000000000000e+00
5.220058627513798344e-01 -2.333158873946069300e-01 4.877258980742079642e-01 4.734845018909297210e-01 -8.040408577698715531e-02 -6.622530361999433290e-02 5.987325412122487811e-02 6.174179762101079244e-02 1.770223538088148418e-01 -2.465438384664463134e-01 0.000000000000000000e+00
2.745750838072257283e-01 -1.533268149033281347e+00 2.008489306146126196e-01 1.322902981044754844e-01 -1.059913620561352632e+00 -3.898407698356914919e-01 -6.847982452575224199e-01 -6.729368658383146906e-01 -7.109854864632135785e-01 -6.868318279546882232e-01 0.000000000000000000e+00
7.631725713425175917e-01 5.359917986923437017e-01 6.728078125642693585e-01 7.037905894467864076e-01 3.081354185465188730e-02 -8.946396722320244521e-01 1.500021459111132716e-01 1.558632810119845447e-01 -9.379650689542692321e-01 -1.173400089065273155e+00 1.000000000000000000e+00
7.161920436948937541e-01 -1.033091204613713288e+00 6.913160040132750872e-01 6.355517486894954882e-01 4.836281686406110891e-01 5.538815183686041782e-02 1.037993358463944915e+00 1.004726941563180986e+00 -3.008293988039359435e-01 -2.678077470496847967e-01 1.000000000000000000e+00
4.186487019266059151e-01 -1.363157208545408450e+00 3.766767493801708167e-01 3.540665305656707229e-01 -1.280687833334042125e-01 -2.146349441775112499e-01 -9.231159595022514486e-02 1.912694816606265169e-01 -2.649905173579792383e-01 4.601684173882599760e-01 0.000000000000000000e+00
2.219568928418869103e+00 -1.053402958701818104e+00 2.148836080622508860e+00 2.847627503238340907e+00 -1.067063325194814727e+00 -5.877202905790477327e-01 2.563837886795055643e-01 6.418133849145984948e-01 -1.224676120521920097e+00 -1.443576809887603396e+00 1.000000000000000000e+00
3.622720687494569436e-01 -5.862326146754193168e-01 3.535415100689131562e-01 3.085739700608101654e-01 3.168017271931530821e-01 -3.568608497117989886e-01 2.293518371553341512e-02 2.703433297759274545e-01 -1.534917750816709170e-01 -4.854501054898958667e-01 0.000000000000000000e+00
4.061205612205730509e-01 2.158393156479674779e+00 3.535415100689131562e-01 3.057306850292563771e-01 -3.115778689256082368e-01 -6.454351507958602241e-01 -4.114565242554027447e-01 -3.073678441410841455e-01 -1.734022647738688583e-01 -9.207348223703161194e-01 0.000000000000000000e+00
1.380183501114649047e+00 -1.266791784320589198e-01 1.334475656866238813e+00 1.522656678534276553e+00 6.504546100880702619e-01 -5.403116554009520511e-01 1.308380033833609346e+00 1.580077702103616089e+00 -6.870928988325752940e-01 -8.832102778116589503e-01 0.000000000000000000e+00
-1.031483584796729192e+00 2.389323951538178947e-01 -1.090097422953566042e+00 -9.885326613340269519e-01 3.088576109337500819e-01 -1.214751021934558084e+00 -1.161890362617438166e+00 -8.579342642274699893e-01 -1.853847594795373865e+00 -1.057074000933436508e+00 0.000000000000000000e+00
1.179733249818115531e-01 6.070829380007090048e-01 3.890225543580887180e-02 6.575742836611696285e-02 -7.969633723751194943e-01 -1.038102324770957985e+00 -6.626354030141072826e-01 -5.292467015392418039e-01 -1.889686476241330571e+00 -9.582593669289732885e-01 1.000000000000000000e+00
-4.865094640842876905e-01 9.904672964136771451e-01 -6.158250170727836981e-01 -5.216652591528951888e-01 -1.903578767309929143e+00 -1.849202235317944476e+00 -1.737089994974871265e+00 -1.669621414097592016e+00 -1.268479197844754935e+00 -1.168396816457452303e+00 0.000000000000000000e+00
-4.677172530252378113e-01 4.115823049027052538e-01 -5.163434880343753530e-01 -4.901047953026481108e-01 -1.108372729743709817e+00 -1.129621603114760120e+00 -8.941632283169836937e-01 -1.253598556476046344e+00 3.840914466076737477e-01 -8.794578233557939217e-01 0.000000000000000000e+00
-1.103520393856419313e+00 4.598227208619524164e-01 -1.087783899022439771e+00 -1.064164043173357443e+00 2.135282158209159675e-01 -2.249411692162277265e-01 -5.798941253053576661e-01 -6.289741666995837255e-01 -4.282565328340019462e-01 9.117137702440989422e-01 0.000000000000000000e+00
-1.448044263272330934e+00 2.054295416778140204e+00 -1.515323121494482006e+00 -1.286793261144018929e+00 -8.176180746495664842e-01 -1.636687875019610772e+00 -1.386473830684044284e+00 -1.356276538357108707e+00 3.761272507307943380e-01 2.813014216586617322e-01 0.000000000000000000e+00
6.472872698117108081e-01 1.089487097593185849e+00 7.237053390490366667e-01 5.417233426482206404e-01 4.915722849000141448e-01 7.335377593844042421e-01 8.636456661490793385e-01 7.745866373470067234e-01 1.013624929784621986e-01 7.491642658604863447e-02 0.000000000000000000e+00
-5.366220269084203132e-01 2.105074801998400691e+00 -5.626139666568907849e-01 -5.773936457713494397e-01 -7.008395656363454185e-01 -7.402524211520516983e-01 -2.637042426326352551e-01 -6.003541545085980813e-01 -6.512540173866196991e-01 -2.803159285692374825e-01 0.000000000000000000e+00
-1.419855946683765968e-01 1.330689177389424271e+00 -1.322985154674980735e-01 -1.651173161960505509e-01 -1.100428613484306650e+00 -5.980265156177642094e-01 -8.000450249232808897e-01 -1.046177231009417730e+00 -3.402883692848320679e-02 -3.678731992061036182e-01 0.000000000000000000e+00
