2.714430486307169432e-01 1.196123806555733804e+00 2.008489306146126196e-01 1.976858538302125323e-01 -6.293425193017204711e-01 -7.938447913533774880e-01 -6.907083365224330196e-01 -4.366004765086279882e-01 -1.335812853894729479e-01 4.870610076555031455e-03 0.000000000000000000e+00
-1.795700167864750174e+00 -6.370119998956798035e-01 -1.646268575996200356e+00 -1.584769532450855500e+00 3.152851231799950416e+00 2.922579957607783552e+00 1.271441963427917488e+00 5.857535672209149835e-01 2.781314405548303892e+00 4.271411326395851304e+00 0.000000000000000000e+00
5.721184255755125125e-01 -8.325126329936836100e-01 5.201152331099687665e-01 4.791710719540372976e-01 -9.486959929297126282e-01 -3.795345447969750152e-01 -5.030629388615184272e-01 1.107203751849656498e-01 -6.831108008941362275e-01 -7.030924639301060486e-01 0.000000000000000000e+00
-1.469968509507888488e+00 2.922507496350918998e-01 -1.350600217598327379e+00 -1.329442536617325699e+00 1.254207445802682397e+00 2.009448419177504164e+00 1.063111246339815352e+00 2.436411534535198528e-03 5.234648744530594477e-01 2.393933280311048684e+00 0.000000000000000000e+00
-4.082085846715806099e-01 2.694000262859745920e-01 -4.376836743760991744e-01 -4.571226889366241664e-01 -1.493662368324744971e+00 -8.639271216166495293e-01 -8.269359401786245956e-01 -9.355328539824108169e-01 -2.052590482813853590e-01 -1.239693451118900835e+00 0.000000000000000000e+00
-3.205115997293488395e-01 -5.608429220652885183e-01 -2.340935684370319958e-01 -4.113457999286084799e-01 1.127101585652238613e+00 1.238542786281511265e+00 2.489961745983671759e-01 5.149411659236307059e-01 1.057065998203963852e+00 1.284457579526757653e+00 1.000000000000000000e+00
-1.576457705509182183e-01 -3.831150737943760931e-01 -1.461796590542525365e-01 -1.105262435902177459e-01 7.378398889415013207e-01 7.393935690654974968e-02 -4.207582019848444405e-02 1.874338099236905197e-01 3.840914466076737477e-01 1.118155620689054858e-03 0.000000000000000000e+00
4.562331240447056735e-01 -6.700186002888490755e-01 4.136931322781829956e-01 4.279919413860691635e-01 -6.682686889727944557e-01 -7.320074411210785170e-01 -9.378911876645305845e-02 -2.371455461879436177e-01 -8.025737390473238753e-01 -7.881480982630617582e-01 0.000000000000000000e+00
-1.664154690451402407e+00 -1.063558835745870068e+00 -1.630073908478319566e+00 -1.429810498231174343e+00 6.425104938286672063e-01 1.955528123634044935e-01 -4.956753247803800666e-01 -9.892322582995181079e-01 1.602613415770186789e+00 1.838570020842925645e+00 0.000000000000000000e+00
-3.205115997293488395e-01 -1.271754315148939218e+00 -2.849910949217986378e-01 -3.874622056635563805e-01 9.436647192987387966e-02 2.841863476963661372e-01 -2.947322217734166805e-01 -2.309494610744311782e-01 3.960377404229922793e-01 2.325195137324075068e-01 0.000000000000000000e+00
-6.775636098512928251e-01 5.867711839126042994e-01 -8.152507799358242879e-01 -6.956743030839870334e-01 -7.103725051476295071e-01 -1.871669805902346440e+00 -1.940988143614290395e+00 -1.662835225639935466e+00 -1.328210666921348926e+00 -1.032057637894332025e+00 0.000000000000000000e+00
-1.942905821160639812e+00 -3.907319815774146221e-01 -1.909084894572087299e+00 -1.627418807924162270e+00 1.579916212438197798e+00 -4.186981999440975710e-01 -7.527642948039952042e-01 -8.455420940004453323e-01 -1.411834723628525683e-02 6.765599576765145562e-01 0.000000000000000000e+00
-1.247594011975800443e+00 -2.739393955708155914e-01 -1.283508023595679948e+00 -1.171355888862935180e+00 -4.505999034651573254e-01 -7.711710962682011283e-01 -1.075012021023250997e+00 -9.685786412544769020e-01 -6.074509400637835288e-01 -1.902570216284610038e-01 0.000000000000000000e+00
-6.431112229097019073e-01 -2.206210410895415586e-01 -7.356655567050979228e-01 -6.558683126422339971e-01 -9.733227533338616455e-01 -1.469727029392403850e+00 -1.519155379581289766e+00 -1.534487748288607678e+00 -1.125123672060930335e+00 -8.069103705423898987e-01 1.000000000000000000e+00
-9.093342129129058371e-01 -1.876144406963723144e-01 -7.745327587480109743e-01 -8.466527382594927209e-01 1.658635182644989103e-01 1.209685356173105575e+00 8.592130977003963332e-01 3.489209546245689714e-02 2.009149414394519328e-01 1.204405217801622463e+00 1.000000000000000000e+00
1.461616415703760434e-02 4.141212741637178008e-01 4.815635116031206919e-02 -4.001277480768399702e-02 3.406340759713610278e-01 8.427837447947987837e-01 2.046704901115369291e-01 -1.742995400366039727e-01 1.133087867937818544e-01 1.974966054776607083e-01 0.000000000000000000e+00
6.097028476936121599e-01 8.635188333630253732e-01 7.375864826357904080e-01 5.360367725851130638e-01 1.484586817325363572e+00 7.623951894928105988e-01 5.666635800873172091e-01 1.816119039761230791e+00 -1.053445909169017813e+00 1.119349583468666864e+00 1.000000000000000000e+00
-8.560896149122650955e-01 -7.918891248174749764e-01 -8.642974872756906679e-01 -8.557512503604650655e-01 -4.204122616794273570e-01 -5.774140655403315892e-01 -9.081996950711465066e-01 -7.953833097482022607e-01 -7.783191425131825991e-02 7.616724473800337569e-02 0.000000000000000000e+00
-7.151480319693925836e-01 -1.578969595731515962e+00 -6.718122962060270043e-01 -7.420198490983135331e-01 1.063548655577015500e+00 4.696983983932622730e-01 2.017154444790819068e-01 1.145560469219020355e-01 1.029191312634886390e+00 5.489765061770817134e-01 0.000000000000000000e+00
4.718932999272473228e-01 -1.464715978985929645e+00 3.813037972424227484e-01 3.796560958496548177e-01 2.055840995615129396e-01 -6.619251108578064757e-01 -1.425473717019662412e-01 3.843271552732138024e-02 2.686106063929252219e-01 -1.452275681580727507e-01 0.000000000000000000e+00
8.258132748726830785e-01 5.664594298245003712e-01 7.977381048450609136e-01 7.066338744783401404e-01 -1.042364345551951288e-01 3.460236979286650527e-01 1.464997452353742569e+00 8.719536891307726467e-01 1.208385719864667918e+00 -2.703093833535960555e-01 0.000000000000000000e+00
-1.372875419036132083e+00 -1.063674243439550610e-01 -1.454708794498986935e+00 -1.243006671658090534e+00 -9.741171649598016069e-01 -1.741811370414518834e+00 -1.599237116220829424e+00 -1.720370301693979087e+00 -1.248568708152557161e+00 -3.303486546474464491e-01 0.000000000000000000e+00
-1.676682831157435105e+00 -1.601820319080634158e+00 -1.581027201138453853e+00 -1.454262749502536867e+00 4.995164011594171449e-01 5.748218937881708346e-01 1.559122371760237324e-01 -3.303818745627016829e-01 3.103864338561910241e+00 1.303219851806085794e+00 0.000000000000000000e+00
7.631725713425175917e-01 -1.203202145101587295e+00 8.116192484318147660e-01 7.691861451725234833e-01 7.298957726820982650e-01 5.047395635248984602e-01 1.410329108153318911e+00 1.276174479869437217e+00 5.115185806377398059e-01 -3.090847460642079381e-01 1.000000000000000000e+00
5.721184255755125125e-01 3.125625037231966608e-01 4.090660844159317300e-01 2.460216993666269059e-01 1.349536840915516622e+00 3.934323331067607898e-01 8.355727326407537126e-01 8.896567894550938549e-01 1.897288663214715898e+00 2.662916038351995640e-01 0.000000000000000000e+00
3.152915411018337721e+00 -2.587055800047367571e-01 3.189921849629104411e+00 3.714829437862245065e+00 5.233487499376251462e-01 1.015928325445235370e+00 1.946669890443964546e+00 3.022880378535785173e+00 -3.924176513880462958e-01 -6.993400094742400208e-01 1.000000000000000000e+00
-5.867345897325528803e-01 -1.216012399100329516e-01 -6.588565621917226167e-01 -6.621235397116521648e-01 -9.725283417079216841e-01 -7.608648712294846517e-01 -1.501129601223312182e+00 -1.555436417005720884e+00 -6.831108008941362275e-01 -1.514248035472786323e-02 0.000000000000000000e+00
-1.507552931625988135e+00 1.008240081240768582e+00 -1.481082967313820165e+00 -1.325177609069995155e+00 4.670177437345793964e-02 -1.404301238987527845e-01 -6.921858593386607250e-01 -1.172164294984169297e+00 1.770223538088148418e-01 7.603647738575155524e-01 1.000000000000000000e+00
6.347591291056778884e-01 -1.012894858219290928e-01 6.635537168397661612e-01 5.815293330899735658e-01 -1.396744149960030823e+00 1.416325168199448169e-02 -6.493376976680582668e-01 -5.201000997050091446e-01 -5.238268833565525862e-01 -1.000787184095451199e+00 0.000000000000000000e+00
-1.047143760679270175e+00 2.186206410657140220e-01 -9.994072848534355513e-01 -9.828460912709193753e-01 2.342551373340866050e+00 7.149865543147149172e-01 6.682432737028745628e-03 1.892041199561223519e-01 1.403508518848207265e+00 1.365760759403847446e+00 0.000000000000000000e+00
8.352093804022060752e-02 6.781740773090735308e-01 6.203749474706654610e-02 1.287232677921648118e-02 -1.757334808898212697e-01 -5.671078405016151125e-01 1.898952619492601801e-01 -5.717341423176123261e-01 -2.351609837100322675e+00 -5.792614668865383454e-01 0.000000000000000000e+00
8.289453100491918081e-01 -3.374136270961414774e-01 7.653487698092994451e-01 8.146787056773839852e-01 -7.135501516513905740e-01 -2.373086392626878594e-01 -4.158890927040856944e-01 4.610405900119374928e-02 7.783191425131925634e-01 -9.357446401937792313e-01 0.000000000000000000e+00
-1.354083207977082148e+00 -1.419129939981377264e-01 -1.290911300175282106e+00 -1.251820855255907361e+00 4.756840523812080890e-01 7.788851495547568504e-01 2.091030585602202674e-01 -4.938405008905994431e-01 8.937999827279399234e-01 1.156874128027323145e+00 0.000000000000000000e+00
1.896969305238516590e+00 1.036168743111911761e+00 1.866586161025165280e+00 2.065724119561049843e+00 -6.134542867829154700e-01 5.377194836487909635e-01 5.858713766982769355e-01 1.131599160554148664e+00 4.163102390186834006e-02 -2.514902557037104747e-02 0.000000000000000000e+00
4.593651592212088380e-02 -1.474871856029982276e+00 -7.368223186706485475e-03 -4.342471684554834177e-02 -1.598452483710152139e-01 -7.835385663146610113e-01 -4.247542296014519825e-01 -5.362340615914863023e-02 -3.406503781883318815e-01 -8.957184593312116361e-01 0.000000000000000000e+00
7.506444306364847829e-01 1.493183210094258806e+00 9.458036364371095184e-01 7.492831499516469096e-01 -8.112627816420445725e-01 1.323053831598986818e+00 3.406025892044831083e-01 8.572011055271717694e-01 -2.208254311316465782e-02 -1.214620232709230085e-01 1.000000000000000000e+00
-5.084337103198457442e-01 2.709349486119504213e+00 -4.376836743760991744e-01 -5.645988631293574755e-01 2.770811458961390805e-01 4.490859483158293197e-01 2.918443362689698839e-01 -4.005102924383573820e-02 7.663728486978739207e-01 4.013799642463642958e-01 0.000000000000000000e+00
-4.833774289077794606e-01 -8.909089259969835695e-01 -6.088844452794061057e-01 -5.256458581970704369e-01 -1.939327290477242061e+00 -1.771699423026796616e+00 -1.673408761595458705e+00 -1.678177912587680565e+00 -1.399888429813261226e+00 -1.108357545163601188e+00 0.000000000000000000e+00
1.439692169468306915e+00 -4.821348749738846862e-01 1.579709193565570713e+00 1.556776098912922013e+00 -6.992507423844654957e-01 1.112806840809170472e+00 9.478644666740568825e-01 6.919721691668413444e-01 -7.070033885247732908e-01 -1.689931130452216324e-01 1.000000000000000000e+00
8.007569934606173501e-01 -9.721559423494008367e-01 7.560946740847969139e-01 7.066338744783401404e-01 -8.040408577698715531e-02 -1.424913689064964128e-01 2.105805813764477785e-01 5.591989167344334488e-01 -1.411834723628525683e-02 -5.830139213424033739e-01 0.000000000000000000e+00
7.443803602834683231e-01 -1.012779450525609581e+00 7.560946740847969139e-01 7.777160002671847927e-01 9.682192604641823852e-01 4.552696833390597053e-01 9.508195123065122933e-01 6.152587344281168491e-01 -4.242744348955628242e-01 2.787997853547504734e-01 1.000000000000000000e+00
9.416985764034898621e-01 -8.198177866886182663e-01 8.301274398808211608e-01 9.397832470657505599e-01 -1.796333197807992166e+00 -1.164044394744073285e+00 -5.887592622027234546e-01 -2.386208045483039775e-01 1.172908847322209902e-01 -1.542391443892066727e+00 0.000000000000000000e+00
-2.923232831407854629e-02 -4.795959057128712510e-01 -6.289279753372503667e-02 -7.072025314846475119e-02 7.219516564226952093e-01 -7.526198911985114703e-01 -6.719370807435499915e-02 4.128532873867122310e-01 -6.831108008941362275e-01 -3.228437457357153928e-01 0.000000000000000000e+00
7.913608879310921607e-01 -3.069459959639848079e-01 7.746028655338033087e-01 7.123204445414477171e-01 -3.846637385121143282e-01 -1.692875540071591689e-01 4.573268916864691724e-01 7.362299199776440872e-01 7.305339672519172156e-01 -7.681350078317780161e-01 1.000000000000000000e+00
-6.493752932627182561e-01 7.238755240073080355e-01 -7.014254025244368584e-01 -6.450638295223294350e-01 -3.273938822057011200e-02 -9.156643713110061977e-01 -4.705574369045097405e-01 -5.847164158887809826e-01 -1.001678635969302178e+00 1.687277879826911131e-01 1.000000000000000000e+00
1.521125084057522781e+00 -2.510886722216982836e-01 1.575082145703318171e+00 1.531186533628938085e+00 2.770811458961390805e-01 1.098378125754967183e+00 1.321677739179658140e+00 1.910535574824276939e+00 -2.968473008654957113e-01 -2.365372932508039983e-01 1.000000000000000000e+00
-7.997129817351160685e-01 1.018280550591140893e-01 -8.878954313731737269e-01 -7.926303226599707985e-01 -1.270432701435526779e+00 -1.561452432236980492e+00 -1.055656472130668488e+00 -9.629726594851084620e-01 -1.081320594738094165e+00 -1.142129635266392329e+00 0.000000000000000000e+00
2.620469431011917538e-01 -5.659208605873145004e-01 2.147300742013670827e-01 1.371238826581170356e-01 6.259000689226289216e-02 -2.414311292781745610e-01 -5.207932126562506703e-01 8.534593138677210034e-02 3.721451527923541058e-01 -3.253453820396257634e-01 0.000000000000000000e+00
4.280448074561211264e-02 -3.704202274893107494e-01 -2.124936677346096064e-02 -1.385455251738903701e-02 -1.916217134086262153e-01 -6.124552306719673878e-01 -6.449051292193752616e-01 -4.654216602942007341e-02 -5.955046462484649972e-01 -6.342974655725680533e-01 0.000000000000000000e+00
-9.938991626786294331e-01 -8.299736637326702304e-01 -1.019766295447342319e+00 -9.780125067172777964e-01 2.532487971179299691e-01 -5.939040256022778408e-01 -6.316074238733260238e-01 -6.112710663752626283e-01 -9.140724813236321689e-01 2.687932401391090464e-01 1.000000000000000000e+00
1.868780988649934305e-01 1.305299484779294250e+00 1.915948348901093945e-01 1.084067038394237459e-01 -2.257814133240582111e-01 -2.208186792007416077e-01 2.135356270089032171e-01 -7.132650648346941513e-02 -7.388601720322898192e-01 -5.167205592887766930e-01 1.000000000000000000e+00
1.398975712173696206e-01 1.119839321031660256e-01 2.702546485483856564e-01 1.052790903047145094e-01 -7.882248444897765882e-01 1.201440376142132171e+00 8.606906205166242607e-01 4.382277311849058221e-01 -8.065558369857630527e-01 1.300718215502176145e+00 0.000000000000000000e+00
-1.451176298448842439e-01 -6.827134465939144192e-01 -2.803640470595473166e-01 -2.441606400732456716e-01 -2.211810478174758288e+00 -1.463337169868399679e+00 -1.756150039304208432e+00 -1.837505815506570439e+00 -2.092411462198256189e-01 -1.255954087094318439e+00 0.000000000000000000e+00
1.076376088993346025e+00 -4.186606434485587447e-01 1.140139646651674887e+00 1.070574358517224711e+00 4.518517036030000877e-01 4.593921733545457964e-01 9.375218069604630555e-01 7.893392209506077117e-01 -2.012769503429462092e-01 -1.339702047904756943e-01 1.000000000000000000e+00
-5.303579565554032982e-01 2.694000262859745920e-01 -4.330566265138478532e-01 -6.032675395584889966e-01 1.230375097024474451e+00 9.252335451045307080e-01 7.040732019964909272e-01 -4.349776923121454787e-03 -3.645429658189689448e-01 9.429842240429797684e-01 0.000000000000000000e+00
8.571336266377663771e-01 -6.674796310278356959e-01 8.023651527073122347e-01 7.691861451725234833e-01 7.053412315166590618e-02 -2.290636592317144282e-01 -2.105134212484391365e-01 2.644422963344872923e-01 -3.844534555111669416e-01 -1.764980219569535769e-01 0.000000000000000000e+00
-6.055268007916021489e-01 1.962892523381670973e+00 -4.515648179628536374e-01 -6.442108440128634372e-01 1.579194020050969927e-01 1.372523711784825684e+00 1.472385066434880985e+00 2.638521929903430707e-01 9.137104724201379202e-01 1.029290676527890191e+00 0.000000000000000000e+00
9.323024708739646726e-01 1.361156808521580830e+00 8.347544877430724819e-01 9.028205416555513674e-01 -3.981687361530993341e-01 -7.979672813688638566e-01 -1.676652595778367894e-01 3.706608982804135977e-01 -5.835583524331464655e-01 -9.957839114876304576e-01 0.000000000000000000e+00
2.996313652192914567e-01 8.330512022308694808e-01 2.563735049616311934e-01 7.599325447971065628e-02 -3.290549246962953256e-01 6.078018139120633379e-01 9.212690559819588509e-01 3.491221262191564478e-01 6.548741064215656271e-01 -1.689931130452216324e-01 0.000000000000000000e+00
2.996313652192914567e-01 2.056834386039152918e+00 1.221891169563363716e-01 1.163679019277742144e-01 -1.315714164114122786e+00 -1.024704232220626565e+00 -1.377165436941810261e+00 -8.664907627175584270e-01 -1.176890945260644639e+00 -1.077087091364720361e+00 1.000000000000000000e+00
-4.301328309071386635e-01 -1.469793917507955516e+00 -5.070893923098721556e-01 -4.960756938689111495e-01 -4.871428382584103711e-01 -1.067990377383235545e+00 -1.221434532111413507e+00 -1.197833790454434943e+00 -3.402883692848320679e-02 -7.994054616306588423e-01 0.000000000000000000e+00
1.655802596647378833e+00 1.150422359857499188e+00 1.732401773019870639e+00 1.593738804323121316e+00 1.452810352287752682e+00 1.362217486746109207e+00 2.992756044333157117e+00 2.916661776589858590e+00 2.490621256042214959e+00 -6.017761936217324026e-01 0.000000000000000000e+00
1.834328601708351103e+00 2.788057533210907213e+00 2.019278740479466538e+00 2.165239095665432156e+00 1.023828074280001443e+00 1.086010655708507633e+00 2.106242354596552957e+00 1.972496425959400446e+00 -3.963997493264854732e-01 1.362633714024173194e-02 0.000000000000000000e+00
8.289453100491918081e-01 -6.167002458075750981e-01 7.884840091205570500e-01 8.288951308351529823e-01 -4.998534242734554156e-01 -7.093337460359022684e-01 6.726086820236325259e-02 5.023478241020203766e-02 -1.109195280307171405e+00 -7.481219174004942740e-01 0.000000000000000000e+00
-7.621285596170163101e-01 6.020049994786830228e-01 -6.421991898876171501e-01 -8.131019748871581854e-01 1.158878050689849504e+00 1.424054836978408067e+00 2.593388343119609751e-01 2.744740531849357290e-01 7.185876734365986840e-01 1.459572120800489925e+00 0.000000000000000000e+00
5.220058627513509547e-03 1.599819919056806761e+00 -1.461796590542525365e-01 -8.010309375259243303e-02 -1.055941562431650604e+00 -1.557536066722268187e+00 -1.322644845023009053e+00 -1.022868148915728082e+00 -4.202923369571236467e-01 -1.172149270913317443e+00 0.000000000000000000e+00
