2.443437736294020723e-01 1.381232852834850311e+00 1.907847948879317079e-01 1.552328335012728433e-01 -6.555702527998679141e-01 -6.585267681382485083e-01 -5.957755030217788406e-01 -4.088733532710342455e-01 -2.317339226964698073e-01 1.819020830853355641e-01 0.000000000000000000e+00
-1.787655993323024273e+00 -3.266973935072702284e-01 -1.635226956009813604e+00 -1.560722437470824397e+00 3.394550038503872713e+00 3.208939171143536218e+00 1.408451504096187579e+00 6.824959425674382851e-01 2.813839873090195454e+00 5.162550143979113493e+00 0.000000000000000000e+00
5.399073760952097789e-01 -5.088450790589921224e-01 5.064030584449069616e-01 4.262163585072349381e-01 -9.975463832565162337e-01 -2.273783190003455246e-01 -4.041062033952865229e-01 1.753950576323903277e-01 -8.058994743611693767e-01 -6.445554960603335770e-01 0.000000000000000000e+00
-1.467462090651732609e+00 5.390955014528626688e-01 -1.342936998889658451e+00 -1.314921219839153776e+00 1.361408367381012230e+00 2.258696569312238722e+00 1.195653305298270963e+00 5.980125342669953548e-02 4.547683673374103841e-01 2.970831369601641292e+00 0.000000000000000000e+00
-4.237531194443502347e-01 5.178055122325315729e-01 -4.404517322260181889e-01 -4.751460130530004711e-01 -1.581117590951195639e+00 -7.314573515745106391e-01 -7.349243961364450017e-01 -9.414867671997086962e-01 -3.066250816092565001e-01 -1.270969456225514271e+00 0.000000000000000000e+00
-3.375470687251566071e-01 -2.557307627728329646e-01 -2.391879119867881265e-01 -4.310769751479907042e-01 1.225298464711700008e+00 1.456460151513354395e+00 3.640802021943554956e-01 6.069032640678038160e-01 1.012291439243712343e+00 1.675658449633074198e+00 1.000000000000000000e+00
-1.774501173895109973e-01 -9.014195772581318211e-02 -1.522785350653020064e-01 -1.414804403436391300e-01 8.084618877869291786e-01 2.445254561754683642e-01 6.676640671074159095e-02 2.572871260069944932e-01 3.091466694514358182e-01 1.775215658813829311e-01 0.000000000000000000e+00
4.259922376448461723e-01 -3.574496001588594041e-01 4.011969705925814700e-01 3.769466266879690775e-01 -6.972539104923453079e-01 -5.941762533415465564e-01 1.394415878218067950e-02 -1.959539754970637815e-01 -9.307180725491476236e-01 -7.438472193499192642e-01 0.000000000000000000e+00
-1.658346917244233554e+00 -7.241105256201180174e-01 -1.619217333945329074e+00 -1.411544638351380554e+00 7.063794607849439577e-01 3.710814686089824455e-01 -3.965601679769206744e-01 -9.988112150619316010e-01 1.582296370968812038e+00 2.322514823416699237e+00 0.000000000000000000e+00
-3.375470687251566071e-01 -9.180859829609129275e-01 -2.895038670465954755e-01 -4.080844336323330990e-01 1.194055055235318380e-01 4.633172064842551729e-01 -1.913080045973701016e-01 -1.893396161283457113e-01 3.216285292702333876e-01 4.476534601251094259e-01 0.000000000000000000e+00
-6.885288466533026064e-01 8.134998069593528669e-01 -8.137046352151362516e-01 -7.047977074772453498e-01 -7.423403157515554573e-01 -1.780156241044762888e+00 -1.872866537226013151e+00 -1.717886569289704290e+00 -1.479919904576250778e+00 -1.028580837606819509e+00 0.000000000000000000e+00
-1.932359007030242770e+00 -9.723862079925632562e-02 -1.895040251227728900e+00 -1.601780547320212689e+00 1.710189992971127060e+00 -2.681336450382567071e-01 -6.591622005360517900e-01 -8.454210716064233244e-01 -1.069153245084915882e-01 9.660146625927992226e-01 0.000000000000000000e+00
-1.248868176328062685e+00 1.157687966021328681e-02 -1.276611421765366572e+00 -1.162732492664088291e+00 -4.641657021711464437e-01 -6.349315793794577667e-01 -9.883202654851698243e-01 -9.767633504995382188e-01 -7.268476955087826985e-01 -4.588481152018444170e-02 0.000000000000000000e+00
-6.546621838707623597e-01 6.125352117431947380e-02 -7.350287782125281000e-01 -6.664768049511496928e-01 -1.023917676898695950e+00 -1.361877894866200478e+00 -1.441987914837324025e+00 -1.580874839509116780e+00 -1.267728287656688435e+00 -7.657498053696804030e-01 1.000000000000000000e+00
-9.163591235540292645e-01 9.200572782590865639e-02 -7.734518711672904168e-01 -8.501434163440793057e-01 1.959673257750201569e-01 1.426429911274893714e+00 9.873827277513737011e-01 9.444789773903167207e-02 1.177581522298685179e-01 1.582207415948757800e+00 1.000000000000000000e+00
-8.116803476808581025e-03 6.526421106279620687e-01 3.983692970850900156e-02 -7.359769872598409535e-02 3.831184419453260159e-01 1.044616856814462258e+00 3.188039896841604603e-01 -1.288654733286384302e-01 2.622451355868541528e-02 4.067686328882208491e-01 0.000000000000000000e+00
5.768528264034360475e-01 1.071345231961140954e+00 7.213894118822662405e-01 4.809605049730858450e-01 1.608107565969141728e+00 9.609611875787499313e-01 6.885597251840868127e-01 1.995918731498586896e+00 -1.192837128743901687e+00 1.482915692659172224e+00 1.000000000000000000e+00
-8.640197356173758836e-01 -4.709962093339589151e-01 -8.621909191818600826e-01 -8.589024797786155574e-01 -4.318396002871853767e-01 -4.332999663497918985e-01 -8.179307857384691127e-01 -7.918762576691822375e-01 -1.734852435420795036e-01 2.651319099604296237e-01 0.000000000000000000e+00
-7.254742969615288750e-01 -1.204318060256475365e+00 -6.719051255011332380e-01 -7.494141868469137435e-01 1.157243513377042898e+00 6.563687508743605292e-01 3.157855755168144651e-01 1.794896610511206858e-01 9.831670996665172746e-01 8.170770776584216355e-01 0.000000000000000000e+00
4.413861752732738952e-01 -1.097868114154819885e+00 3.691777264636134648e-01 3.304141021919957955e-01 2.385016703591804899e-01 -5.212456699052843145e-01 -3.585967497903380652e-02 9.822753166401368419e-02 1.884886912030564188e-01 6.681394927243176560e-03 0.000000000000000000e+00
7.892891656757344832e-01 7.945753720968367073e-01 7.808537224074939553e-01 6.451929443706386769e-01 -9.326621739726857763e-02 5.276677212809571804e-01 1.606157632057372497e+00 9.880163515034608990e-01 1.170394996948484589e+00 -1.393358452045006524e-01 0.000000000000000000e+00
-1.372019677355482692e+00 1.677034672759749878e-01 -1.445855997875628685e+00 -1.231710117211060274e+00 -1.024768363790378833e+00 -1.645020159971688933e+00 -1.523786938772409671e+00 -1.779305620570657220e+00 -1.396707505784265280e+00 -2.094241204677368129e-01 0.000000000000000000e+00
-1.670662067346975199e+00 -1.225608049476807127e+00 -1.570731049978605798e+00 -1.435084621331696564e+00 5.532558202819672921e-01 7.657646260287541695e-01 2.690001559229459605e-01 -2.954843355215828193e-01 3.150850088197736376e+00 1.697561035652835226e+00 0.000000000000000000e+00
7.277134151620248126e-01 -8.542160152999195288e-01 7.945762556056225057e-01 7.054115054830746301e-01 7.999550188700969011e-01 6.928340425924917056e-01 1.550316969961465619e+00 1.419524557938873999e+00 4.422865075186116490e-01 -1.846011896453408907e-01 1.000000000000000000e+00
5.399073760952097789e-01 5.580199363153796055e-01 3.966227928598718977e-01 2.017653579972461253e-01 1.463490794382997340e+00 5.770031159584285696e-01 9.632354144126031859e-01 1.006914521128369655e+00 1.890182246499157559e+00 4.870781149606811522e-01 0.000000000000000000e+00
3.076828297260056910e+00 2.577020580710124784e-02 3.145703610218451018e+00 3.541158292414152697e+00 5.787764270324630145e-01 1.224798298245227235e+00 2.098159141334825506e+00 3.284143960929857275e+00 -5.021742187704225646e-01 -6.401749788563808607e-01 1.000000000000000000e+00
-5.992440084084235119e-01 1.535101411290878681e-01 -6.590974278495458361e-01 -6.724986610623930883e-01 -1.023066990007013066e+00 -6.242064935800073489e-01 -1.423575588416511328e+00 -1.603237673565258703e+00 -8.058994743611693767e-01 1.585393246642575193e-01 0.000000000000000000e+00
-1.504407540959958878e+00 1.206181830356571671e+00 -1.471928810952074063e+00 -1.310815408854214992e+00 6.836429202254039328e-02 2.144367154690186850e-02 -5.972847101054520325e-01 -1.194092301185987193e+00 9.279443259227333762e-02 1.063846213481068004e+00 1.000000000000000000e+00
6.014831266089194495e-01 1.724345759916040277e-01 6.482025681589099753e-01 5.247558221457665484e-01 -1.477333790165844762e+00 1.823199585386567900e-01 -5.535177046789302446e-01 -4.980097200018531733e-01 -6.394746767771983809e-01 -9.920765275738835376e-01 0.000000000000000000e+00
-1.051825774684190806e+00 4.704944250762402858e-01 -9.957569089769858772e-01 -9.812556471297925187e-01 2.526849408987004164e+00 9.116257929012785421e-01 1.165702404719560770e-01 2.591769429694850690e-01 1.374265373988848404e+00 1.770569655718707169e+00 0.000000000000000000e+00
5.961652208827304678e-02 8.986597638406772504e-01 5.355946290663822495e-02 -2.268564251274267710e-02 -1.698280376487580901e-01 -4.225748805503415917e-01 3.037119188474287634e-01 -5.531293814078366289e-01 -2.549199229053263238e+00 -4.999984283299075960e-01 0.000000000000000000e+00
7.923679532014203941e-01 -4.756197928515097650e-02 7.488344782785246734e-01 7.492068226557554445e-01 -7.457430633182881019e-01 -7.937213496793134315e-02 -3.150629854585696443e-01 1.064167385014739703e-01 7.210480434717632114e-01 -9.161475627053768944e-01 0.000000000000000000e+00
-1.353546952201369447e+00 1.345857062665708481e-01 -1.283930106137701976e+00 -1.240195459913267406e+00 5.277352135314704595e-01 9.781213248578704000e-01 3.233316109351803136e-01 -4.699774350582386906e-01 8.417060217201415284e-01 1.526720864698694502e+00 0.000000000000000000e+00
1.842234499460174035e+00 1.232202928292531752e+00 1.837488778663453504e+00 1.953578044904475730e+00 -6.385565149662044693e-01 7.271543171507325320e-01 7.081794172718379743e-01 1.265189506002120545e+00 -4.866664535410243630e-02 1.468579454537164986e-01 0.000000000000000000e+00
2.267107178004680243e-02 -1.107330331586078742e+00 -1.505320308400851827e-02 -7.688234751393496769e-02 -1.528142998150934795e-01 -6.478016823387982015e-01 -3.241182279606089067e-01 -4.295038551147705753e-05 -4.480861595556323018e-01 -8.694220458632188064e-01 0.000000000000000000e+00
7.153982650592830561e-01 1.658002712699154557e+00 9.272274098542064857e-01 6.862510542200268571e-01 -8.503775509953219736e-01 1.544405855068847311e+00 4.576510413820920609e-01 9.722678768160369911e-01 -1.152365643876903656e-01 3.442467055227486916e-02 1.000000000000000000e+00
-5.222743202662861739e-01 2.791103250092334509e+00 -4.404517322260181889e-01 -5.786124498734589450e-01 3.150634906106700162e-01 6.349185792754598046e-01 4.078472076208775610e-01 1.444564632691852646e-02 7.085661836529656421e-01 6.447767343029640053e-01 0.000000000000000000e+00
-4.976440200608021613e-01 -5.632528292887273302e-01 -6.096963083362803015e-01 -5.411127095443508672e-01 -2.058352937185474296e+00 -1.676122908790094623e+00 -1.599549134372802550e+00 -1.734264982964625279e+00 -1.554811063489037526e+00 -1.117651354087183080e+00 0.000000000000000000e+00
1.392731520710091653e+00 -1.823985776805815695e-01 1.553889759235447476e+00 1.463617934035110091e+00 -7.304306992679904242e-01 1.325614104760060474e+00 1.077935152771763772e+00 7.958849603168897113e-01 -8.308631939987645154e-01 -2.106188069778750296e-02 1.000000000000000000e+00
7.646588654702510812e-01 -6.389505687387936339e-01 7.396861228131056398e-01 6.451929443706386769e-01 -6.774561064677285527e-02 1.929865438701144562e-02 3.248408180188532834e-01 6.541486881300754286e-01 -1.069153245084915882e-01 -5.043789455338592020e-01 0.000000000000000000e+00
7.092406900079122334e-01 -6.767994384638267302e-01 7.396861228131056398e-01 7.136231274529523105e-01 1.055161086375058899e+00 6.413536307551305216e-01 1.080953566939110377e+00 7.139928919422859899e-01 -5.354591782872165640e-01 5.016798389738539310e-01 1.000000000000000000e+00
9.032043041260980898e-01 -4.970173072699190508e-01 8.128729665364619050e-01 8.696439448806274619e-01 -1.905229296682497742e+00 -1.043771850054504124e+00 -4.916402142483302651e-01 -1.975288229658064276e-01 3.038513349828422805e-02 -1.624331177344333854e+00 0.000000000000000000e+00
-5.121982883640568279e-02 -1.800330233227666332e-01 -6.994333587652604156e-02 -1.031595378175434730e-01 7.914481499532646236e-01 -6.156264249404471700e-01 4.110988628829763403e-02 4.979238192308306776e-01 -8.058994743611693767e-01 -2.006630860598325461e-01 0.000000000000000000e+00
7.554225028931942365e-01 -1.917532699137589405e-02 7.579828337439450392e-01 6.506673590172237231e-01 -3.935586901614406274e-01 -8.586568691559290020e-03 5.768784009922721667e-01 8.431303843791613239e-01 6.711206041965717128e-01 -7.204844609288402202e-01 1.000000000000000000e+00
-6.608197589221331825e-01 9.412397422813394421e-01 -7.011798629904759661e-01 -6.560754171226378384e-01 -1.670439714578023788e-02 -7.852972822877511971e-01 -3.709036475544769673e-01 -5.669880391327695168e-01 -1.138749069529110036e+00 3.731846676579206323e-01 1.000000000000000000e+00
1.472779996377915124e+00 3.286686888054438788e-02 1.549315581502736627e+00 1.438983068125477160e+00 3.150634906106700162e-01 1.310598984640829912e+00 1.459764544941074993e+00 2.096708969498100039e+00 -4.023193402200395674e-01 -9.991119036892892602e-02 1.000000000000000000e+00
-8.086015601550370357e-01 3.616789246167698146e-01 -8.855192256186802391e-01 -7.981364772015209219e-01 -1.342074574388215424e+00 -1.457331158481308231e+00 -9.685496526890512436e-01 -9.707789301183170627e-01 -1.221961468321095534e+00 -1.157076008922753863e+00 0.000000000000000000e+00
2.351074110523452276e-01 -2.604618714884620045e-01 2.045073280860609244e-01 9.693031751514172289e-02 8.537802985620381035e-02 -8.366216928771159911e-02 -4.222166883993646591e-01 1.483076811700213271e-01 2.966648096326370831e-01 -2.035834308624673017e-01 0.000000000000000000e+00
1.959228425436082555e-02 -7.831418593674016604e-02 -2.877573628213773646e-02 -4.841539135169255215e-02 -1.868417754824215071e-01 -4.697652580679228529e-01 -5.489900834279107800e-01 7.516317464452098099e-03 -7.143658356899851292e-01 -5.642460139878742176e-01 0.000000000000000000e+00
-9.994863867475375363e-01 -5.064795247011771862e-01 -1.015883291000908795e+00 -9.766023946801950517e-01 2.895428838601731281e-01 -4.504601036289123117e-01 -5.354072196748520529e-01 -5.953352935701323734e-01 -1.047215430857927121e+00 4.899984597633149086e-01 1.000000000000000000e+00
1.612165104358938283e-01 1.482951690220876806e+00 1.816364394225120082e-01 6.928452354988694217e-02 -2.234213118247993235e-01 -6.221199768881093689e-02 3.278592321861997227e-01 -1.894112001041975760e-02 -8.641481535155585147e-01 -4.269898082640357084e-01 1.000000000000000000e+00
1.150346975506118530e-01 3.711411420480278944e-01 2.593974608785784564e-01 6.627359549426507790e-02 -8.257076311365091348e-01 1.417849842635333202e+00 9.888919348350471150e-01 5.250111956931996504e-01 -9.348786924887464433e-01 1.694640690850201414e+00 0.000000000000000000e+00
-1.651349672867681861e-01 -3.692773719479324201e-01 -2.849296893138859588e-01 -2.701291845383888002e-01 -2.350138541032813944e+00 -1.355228341670541070e+00 -1.684064731058499964e+00 -1.904348509588802640e+00 -3.107857015488564856e-01 -1.289951697442640821e+00 0.000000000000000000e+00
1.035592167730574165e+00 -1.232597187352173079e-01 1.119342874628018070e+00 9.955554817520845257e-01 5.022146067809747372e-01 6.456436650749102224e-01 1.067370703186051539e+00 8.998248932538873701e-01 -3.024644616696576804e-01 1.982294653910008156e-02 1.000000000000000000e+00
-5.438258329460841090e-01 5.178055122325315729e-01 -4.358775544933086721e-01 -6.158384694702375706e-01 1.335887760630516397e+00 1.130417543210064713e+00 8.289159839656914386e-01 5.255695507048431525e-02 -4.730498791932274405e-01 1.277031384073414211e+00 0.000000000000000000e+00
8.200770409325898180e-01 -3.550840458010444678e-01 7.854279001402034721e-01 7.054115054830746301e-01 9.388489877303611564e-02 -7.079206632837084512e-02 -1.052832008279994125e-01 3.394941638753469770e-01 -4.938529788912238150e-01 -2.982291510569278284e-02 0.000000000000000000e+00
-6.177167335625360911e-01 2.095630268894850712e+00 -4.541742654241474053e-01 -6.552542549256502591e-01 1.874604568581890451e-01 1.595886266906208606e+00 1.613703667475738346e+00 3.388642248878498409e-01 8.625091214181378474e-01 1.377783279764317026e+00 0.000000000000000000e+00
8.939679415490412451e-01 1.534993886092796966e+00 8.174471442691714218e-01 8.340602496778243280e-01 -4.080203673200554215e-01 -6.628168024580284312e-01 -6.151619540147776344e-02 4.528831816247984587e-01 -7.018839758711875598e-01 -9.862358379686140264e-01 0.000000000000000000e+00
2.720528613605714963e-01 1.042958579667366825e+00 2.456749276804492399e-01 3.808036006435197574e-02 -3.340106077436168497e-01 8.000849005869949959e-01 1.050769425265646984e+00 4.298904085811597886e-01 5.920688253441862559e-01 -2.106188069778750296e-02 0.000000000000000000e+00
2.720528613605714963e-01 2.183155780133989143e+00 1.130237734318652737e-01 7.694870405510595424e-02 -1.390563727214158218e+00 -8.987686900459357364e-01 -1.296953114096332405e+00 -8.677839056625650249e-01 -1.321816346871478753e+00 -1.081147044054247219e+00 1.000000000000000000e+00
-4.453046321241487804e-01 -1.102599222870448870e+00 -5.090643982166649373e-01 -5.126457533821084933e-01 -5.032972991885741321e-01 -9.438140504036268696e-01 -1.137882687477180799e+00 -1.221494647142104872e+00 -1.277184242064879627e-01 -7.569887709617761917e-01 0.000000000000000000e+00
1.605167859982391088e+00 1.338652874394188119e+00 1.704837624414869524e+00 1.499201629237913114e+00 1.574080090301813728e+00 1.585161181106758299e+00 3.166677756575427605e+00 3.170754943180405849e+00 2.510114617499449974e+00 -5.262815315536214511e-01 0.000000000000000000e+00
1.780658748946464476e+00 2.864435435184585099e+00 1.988436643842876883e+00 2.049380301219714706e+00 1.114709168792882510e+00 1.297728881681489810e+00 2.261153506371527122e+00 2.162852563185279742e+00 -5.063348387100213843e-01 1.921232898945577361e-01 0.000000000000000000e+00
7.923679532014203941e-01 -3.077729586447532362e-01 7.717053669420735895e-01 7.628928592722181712e-01 -5.169082894555060426e-01 -5.705810645827557037e-01 1.784477309025558345e-01 1.108263114139526884e-01 -1.251085807898290714e+00 -6.971217025077611762e-01 0.000000000000000000e+00
-7.716561098468107671e-01 8.276931331062408193e-01 -6.426303880117906209e-01 -8.178443699292273772e-01 1.259325940379028008e+00 1.649511695903460140e+00 3.746446517800677833e-01 3.502031266627950168e-01 6.586387443777741435e-01 1.880082585817514973e+00 0.000000000000000000e+00
-1.735316605386432245e-02 1.757355995727367004e+00 -1.522785350653020064e-01 -1.121923219844090658e-01 -1.112389113633749371e+00 -1.453255625877517110e+00 -1.241263372708792723e+00 -1.034717737349257760e+00 -5.312985583476177442e-01 -1.192120146554371818e+00 0.000000000000000000e+00
