2.620469431011917538e-01 -3.175981260908717019e+00 4.460824673139438534e-01 1.635664334515671281e-01 1.238319213283877618e+00 2.792721522119956390e+00 2.138747856553561366e+00 1.822020073202671453e+00 2.072500972506058137e+00 1.928628927783702318e+00 0.000000000000000000e+00
9.824150336980972398e-01 -2.170549433547554141e+00 1.015209354370882666e+00 1.005178802791487636e+00 -1.995658296680292432e-01 -1.919612490923352233e-01 6.301970611851072102e-01 5.591989167344334488e-01 -3.565787699420895906e-01 -5.579975583032988906e-01 1.000000000000000000e+00
-1.078464112444353029e+00 -5.227583831500933753e-01 -1.062335135780056339e+00 -1.039427463398839624e+00 1.278039794580891675e+00 4.614534183622894803e-01 -9.114502452668475918e-01 -7.523057656256875170e-01 1.184493132234029744e+00 1.403285303962505504e+00 1.000000000000000000e+00
-3.549639866709398128e-01 8.913320875404871779e-02 -4.839541529986144952e-01 -4.141890849601622127e-01 -1.648572635383100060e+00 -1.554650323711427529e+00 -1.807863337872177123e+00 -1.537733316681399787e+00 -1.475548290643613925e+00 -7.906497345669721843e-01 0.000000000000000000e+00
-8.185051927941658922e-01 1.180889990989655081e+00 -7.601889103750311127e-01 -8.094057043461384549e-01 8.808339816107513265e-01 3.583911679751246027e-01 1.263617808514702345e-01 -3.454295098383745044e-01 1.610577611647066254e+00 9.354793151312478239e-01 1.000000000000000000e+00
-5.679423786735029456e-01 -2.190861187635658514e+00 -4.932082487231176926e-01 -6.797519069072857079e-01 3.565223084901670836e-01 1.471463472156503860e+00 7.735167743591913059e-01 3.603340897578928836e-01 2.478674962226895317e+00 8.791924982932616262e-01 0.000000000000000000e+00
-4.176046902011698071e-03 -1.647521765778868774e+00 1.314432126808395829e-01 -8.749563483463201896e-02 1.254207445802682397e+00 1.762099018248308502e+00 9.981002424257975347e-01 1.615483902752258505e+00 4.545383792277040591e+00 1.355754214188205964e+00 0.000000000000000000e+00
-5.804705193795358653e-01 6.045439687396956252e-01 -4.978352965853689582e-01 -6.001399260237797462e-01 4.280193548247921420e-01 5.686381587649403935e-01 1.913727847654881076e-01 6.380715932551493663e-02 1.093266888553415944e-01 2.637899675312883052e-01 0.000000000000000000e+00
-4.176046902011141398e-02 2.770169340690140092e-01 -1.662231891120968807e-02 -1.255956542574530044e-01 1.341592724656113678e+00 1.543279122085385591e-01 1.275874531876600271e+00 1.031281592049662521e+00 1.391562225032888733e+00 6.616069952236193485e-02 0.000000000000000000e+00
-1.294574539623437048e-01 -3.297967193131021157e-01 -1.415526111920012708e-01 -2.103255481977556740e-01 -5.332187125629463953e-01 -1.754712890303889439e-01 -3.035973586707825800e-01 -7.425690604473109691e-01 -1.013624929784610884e-02 -8.419332787971367527e-01 0.000000000000000000e+00
-1.150500921504043594e+00 -5.252973524111058667e-01 -1.145621997300583894e+00 -1.092596893488895216e+00 -9.629231829579321111e-02 -3.424321346575957548e-01 -7.246913612956694672e-01 -9.134039785770093900e-01 -7.109854864632135785e-01 1.124409711447049293e-01 0.000000000000000000e+00
6.003067421640869705e-01 4.877513827330956508e-01 7.005700997377789507e-01 4.564247917016070466e-01 -9.534624626853546170e-01 1.584831947582385103e+00 8.178424588460215805e-01 4.208196825326569468e-01 1.638452297216143494e+00 1.737879159610770941e-02 1.000000000000000000e+00
4.687612647507385377e-01 -1.342845454457303633e+00 4.877258980742079642e-01 3.768128108181010294e-01 5.630693312346390922e-01 5.459644636797643669e-01 6.213319242877408666e-01 4.588813482299472502e-01 3.366682802499004756e-02 -3.503617450787302467e-01 1.000000000000000000e+00
6.441552346352030778e-01 -1.096565436139039340e+00 5.710127595947354084e-01 5.929024732161887190e-01 1.976399833021109942e-01 -3.176971945646760997e-01 -3.405354290764744385e-01 1.355047156390153940e-01 7.348780740938594402e-02 -4.604337424507904952e-01 1.000000000000000000e+00
-1.401063735624706430e+00 2.414713644148313298e-01 -1.409826430235147088e+00 -1.263762652388433327e+00 7.457840052009032661e-01 -3.280034196033925764e-01 -6.286523782408708350e-01 -4.902998808257353347e-01 2.570263214811064484e-02 3.263308751290499576e-01 1.000000000000000000e+00
-1.050275795855778460e+00 -1.802398890700664058e+00 -1.051692925696877667e+00 -1.021799096203205970e+00 -1.677893646304182418e-01 -2.909010094640133715e-01 -1.144455593385951486e+00 -1.022573097243656193e+00 -9.419471668927095198e-01 2.963112394821239004e-01 1.000000000000000000e+00
-6.556393636157347160e-01 -7.766553092513971412e-01 -5.950033016926515872e-01 -6.763399648694210509e-01 8.642235567047196199e-02 2.718188776499060322e-01 2.164906726413586557e-01 8.269046633812414393e-02 -1.734022647738688583e-01 -5.641947936925186674e-02 0.000000000000000000e+00
-9.281264239719557718e-01 7.949666633156734497e-01 -7.805479209689377695e-01 -8.844684291791583552e-01 1.738076345239019382e-01 8.551512148412588887e-01 6.789553141206203790e-01 -2.173770841591187164e-01 -1.810044517472440481e-02 3.701095104474834696e-01 0.000000000000000000e+00
-4.301328309071386635e-01 5.347223140618915724e-03 -3.451427171310684217e-01 -4.574070174397795729e-01 1.007939841761196442e+00 6.820066341908217478e-01 8.562580520679409224e-01 2.786047765939440035e-01 7.862833383900719175e-01 1.253187125727876827e+00 0.000000000000000000e+00
2.222700963595377832e+00 -6.827134465939144192e-01 2.454221239531110044e+00 2.324463057432444302e+00 3.327621789506812533e+00 2.980294817824596265e+00 4.010769264714023841e+00 3.418249619112289306e+00 3.012276085977800832e+00 6.853156847402012142e-01 0.000000000000000000e+00
-3.111154941998236501e-01 -3.424915656181674595e-01 -3.220074778198107612e-01 -3.800696645815168084e-01 -1.598452483710152139e-01 -2.826560294330405232e-01 -7.542418176202230207e-01 -8.620649876364782083e-01 1.041137606450204922e+00 -5.479910130876575192e-01 0.000000000000000000e+00
-6.900917505573261890e-01 -1.350462362240343106e+00 -7.546364529403297716e-01 -7.545303032371502017e-01 1.103269236874029335e+00 -2.393698842704309326e-01 -2.139050077129682828e-02 2.633559697236841426e-02 2.327717249469695437e-01 -1.414751137022067784e-01 0.000000000000000000e+00
1.649538526294353491e-01 -5.456091064992106832e-01 1.962218827523613263e-01 5.751190177461104613e-02 6.901751913850842080e-01 5.026783185171553869e-01 4.455067091566478621e-01 5.916546006623550902e-01 2.885210960851231632e-01 -2.040160212999684308e-01 1.000000000000000000e+00
1.915761516297565858e+00 -2.155431025675156043e-01 1.801807490953643676e+00 2.111216680065910456e+00 -1.463474726539013782e+00 -5.691690855093581858e-01 -3.390579062602468996e-01 3.444012994660039517e-01 -3.884355534496060636e-01 -9.707675484485250861e-01 0.000000000000000000e+00
-1.166161097386585244e+00 -8.274346944716576280e-01 -1.264074422574223311e+00 -1.074968526293262006e+00 -9.796780463413835571e-01 -1.633183758506447036e+00 -1.429765249199515420e+00 -1.503802374393117702e+00 -1.196801434952842635e+00 -8.231710065178077240e-01 0.000000000000000000e+00
1.232977847818760075e+00 9.346099726713906763e-01 1.366864991901999060e+00 1.044984793233240561e+00 8.967222141295563276e-01 2.908151242553580929e+00 1.379301129012537652e+00 1.895782991220676061e+00 1.976930621983507663e+00 1.336991941908877823e+00 0.000000000000000000e+00
3.622720687494569436e-01 -1.094026466878026849e+00 2.517464570993792616e-01 2.772978347137185495e-01 -1.345107394273912904e+00 -1.183832346818408654e+00 -1.088309726369300012e+00 -8.027596015500026994e-01 -1.105213182368732339e+00 -1.130872271898795134e+00 0.000000000000000000e+00
-7.182800671459007580e-01 8.151630097101021655e-02 -5.903762538303997109e-01 -7.735803129485606666e-01 1.261429369674859913e-01 1.151970495956293306e+00 2.120581041926752897e-01 1.012787216786610461e-01 -6.432898215097402339e-01 4.288979635893791498e-01 0.000000000000000000e+00
-8.466935093827404613e-01 -6.776355080718884372e-01 -8.638347824894659910e-01 -8.551825933541541414e-01 -3.250828665665932982e-01 -4.434331400370172815e-01 -5.518211917970318181e-01 -7.537810239860476269e-01 2.048970393778921928e-01 1.712294242866005956e-01 0.000000000000000000e+00
-6.368471525566854474e-01 -1.576430626470503471e+00 -6.653344291988747550e-01 -6.450638295223294350e-01 -1.116316846003111651e+00 -9.529729059511596878e-01 -1.179768388693793080e+00 -1.314674252594954185e+00 -1.212729826706601344e+00 -4.291632886519105572e-01 1.000000000000000000e+00
-9.281264239719557718e-01 2.338544566317919127e-01 -9.387929578579403689e-01 -9.461677143638752563e-01 -6.499972215761674610e-01 -2.373086392626878594e-01 -6.478601748518304504e-01 -6.115661180473348502e-01 1.339794951833174208e+00 1.299524252720783424e-01 0.000000000000000000e+00
7.443803602834683231e-01 2.432601836669082473e+00 6.866889561510238771e-01 7.947757104565075226e-01 -1.478568547431879932e+00 -6.000877606255076158e-01 -6.035344903650002868e-01 -5.599320754347316687e-01 -1.873758084487571862e+00 -1.270963904917781662e+00 0.000000000000000000e+00
-3.236436349058620376e-02 -9.670780038273748547e-01 1.113996826229991972e-02 -1.378217798931341553e-01 8.967222141295563276e-01 3.109825327970289210e-01 5.267704640491699397e-01 6.978732026082818951e-01 9.256567662354575621e-01 -5.135935139086415455e-03 0.000000000000000000e+00
9.604907874625347175e-02 4.161639903418961062e+00 1.113996826229991972e-02 -6.503368308535717457e-02 -3.727475641230103554e-01 -2.537985993246341110e-01 -2.016482843510732370e-01 8.151025964983571459e-02 -3.565787699420895906e-01 -4.541796516910150405e-01 0.000000000000000000e+00
7.193240788714014844e-01 -9.036037723020489132e-01 6.172832382172508403e-01 6.412383187526030648e-01 5.464589063285985732e-02 -4.805355501763964865e-01 -2.577941513677248220e-01 1.659889179399190451e-02 -4.879880019105958255e-01 -8.531906421647337257e-01 0.000000000000000000e+00
-5.742064490265194054e-01 -1.426631440070734280e+00 -4.608189136873568348e-01 -6.544466701264570752e-01 2.437880768453700053e+00 1.778588978310254642e+00 1.321677739179658140e+00 1.146351744157749541e+00 1.988876915798827305e+00 1.584653935996013230e+00 0.000000000000000000e+00
9.886791040511136996e-01 1.059019466461029069e+00 9.134143014013493822e-01 9.795892375075035963e-01 -2.233981784462372167e-01 -6.866600509507261307e-01 -5.094095709585032966e-02 2.355272324714292875e-01 -3.366682802498915938e-01 -9.470020035613762044e-01 1.000000000000000000e+00
1.148412898052994340e-02 -2.079261947844761871e-01 -7.214689325822824795e-02 -4.314038834239321968e-02 -4.410669639538743469e-01 -1.075204734910337079e+00 -9.565146911617915526e-01 -5.923877593626537541e-01 -1.256170895125935660e-01 -9.369954583457339448e-01 1.000000000000000000e+00
2.432547320421424575e-01 4.039653971196658921e-01 9.442682978282743167e-02 1.575955348853040894e-01 -1.132999490147857724e+00 -1.480857752434217689e+00 -1.453257861977535370e+00 -1.118464890667062006e+00 -1.435727311259218153e+00 -1.024552728982599969e+00 0.000000000000000000e+00
-2.860592127877579216e-01 -1.045786050918778631e+00 -2.017042334012711102e-01 -3.934331042298194192e-01 3.009134946743470262e-01 7.850688845779866254e-01 5.829163310658215247e-01 1.526177126191923805e-01 -8.977820806663791564e-02 4.439077814128413180e-01 0.000000000000000000e+00
9.197743301679317529e-01 2.465493029368572842e-01 9.967011629218761604e-01 8.630145512137983310e-01 4.121311223059860862e-01 8.592737048567450353e-01 1.077886474502092184e+00 1.258471379545116564e+00 1.395544322971327800e+00 1.425800030697699450e+00 0.000000000000000000e+00
9.980752095806388891e-01 -3.501084734012059885e-01 1.052225737268895456e+00 9.113503967502126768e-01 1.127101585652238613e+00 9.355397701432471846e-01 1.494547908678296233e+00 1.919387124986437376e+00 2.669815663271996709e+00 4.263963272854678910e-01 0.000000000000000000e+00
5.063456868688382961e-01 -3.704202274893107494e-01 4.507095151761957852e-01 4.223053713229615869e-01 -9.256580557774445328e-01 -3.942911851933158379e-02 -7.291239297443525835e-01 -7.213253400581255415e-01 2.168433331932107522e-01 -3.078339279122523364e-01 0.000000000000000000e+00
-4.395289364366632978e-01 -9.315324341731922031e-01 -2.803640470595473166e-01 -5.256458581970704369e-01 1.707022072588641803e+00 1.943488578929718491e+00 2.010203371541753992e+00 1.146351744157749541e+00 1.897288663214715898e+00 1.593409663059699888e+00 0.000000000000000000e+00
1.029395561345722188e+00 -2.815563033538540649e-01 9.550577321616133819e-01 9.938056626652724823e-01 -8.986480604954756313e-01 -5.980265156177642094e-01 -8.474735073241893568e-01 -2.212127558960546858e-01 -1.117159476184050870e+00 -9.657642758407043448e-01 0.000000000000000000e+00
1.092036264875887674e+00 -1.406319685982629686e+00 1.001328210784128814e+00 1.113223633990531480e+00 -6.635022192171524669e-01 -7.113949910436455637e-01 -3.912077456602901238e-02 1.198669770191983647e-01 -1.304318079290711863e+00 -1.064578909845167676e+00 0.000000000000000000e+00
7.506444306364847829e-01 8.151630097101021655e-02 7.283323869112878768e-01 6.554547439103720619e-01 -1.439570158522091581e-01 -2.125736991697681766e-01 4.469842319728753455e-01 4.942875488785892224e-01 3.601988589770355742e-01 -5.567467401513432890e-01 0.000000000000000000e+00
-6.337151173801767179e-01 1.757236013239614314e+00 -7.611143199474819099e-01 -6.368183029308235321e-01 -1.558009710025908046e+00 -1.980091293309643508e+00 -1.602930923261398632e+00 -1.710043493171458540e+00 -1.853485585891874177e-01 -1.294729449804930432e+00 0.000000000000000000e+00
9.479626467565063219e-01 -8.502854178207749358e-01 9.550577321616133819e-01 8.715444063084597515e-01 8.331692840543343248e-01 1.398991971543353530e-01 8.562580520679409224e-01 1.196510528409992835e+00 -6.950570947094547591e-01 -3.453584724709095055e-01 1.000000000000000000e+00
3.654041039259568052e-02 6.426285076548916564e-01 -3.513051036021543755e-02 -4.171874582661633246e-02 -1.549271182140564918e+00 -6.433739057881169288e-01 -5.163606442075676650e-01 -8.257736319716200146e-01 -1.718456264888428509e+00 -1.153386998633989302e+00 0.000000000000000000e+00
1.236109882995269027e+00 -6.014664302414971520e-01 1.154020790238428740e+00 1.252544600536666941e+00 -4.744322522433663814e-01 -5.073317352770595479e-01 2.736775216421635792e-02 8.896567894550938549e-01 -1.372013744244183986e+00 -8.369300061893160114e-01 0.000000000000000000e+00
-2.829271776112491366e-01 -8.579023256038134093e-01 -1.554337547787557616e-01 -3.630099543921940786e-01 -1.685115570176516295e-02 9.726421802826263896e-01 1.008442902139391473e+00 1.945150500534186810e-01 1.005298725004249327e+00 3.113210573055877894e-01 0.000000000000000000e+00
2.683110134542093239e-01 -5.913105531974452989e-01 2.424923613748767026e-01 1.806261436408898302e-01 -2.154540621868352712e-01 -2.723498043943239910e-01 -5.665964199593084283e-01 -2.279989443537113469e-01 8.659252971588636827e-01 -3.153388368239842809e-01 1.000000000000000000e+00
-1.044011725502761889e+00 4.065043663806783836e-01 -9.637790163140989019e-01 -9.882483328308714343e-01 1.063548655577015500e+00 5.356582386410478902e-01 -2.902996533247337307e-01 -5.239357714419454748e-01 1.499078869370757960e+00 1.135610219444085356e+00 0.000000000000000000e+00
-6.587713987922430015e-01 -9.696169730883874571e-01 -7.356655567050979228e-01 -6.868601194861702064e-01 -8.470113048093576014e-01 -1.157242286218520322e+00 -1.189224534717650217e+00 -1.239141024544517578e+00 -1.344139058675107634e+00 -5.179713774407314064e-01 0.000000000000000000e+00
2.341718300302692235e+00 -3.272577500520886806e-01 2.421831904495349796e+00 2.551925859956746923e+00 1.492530933584583670e-02 1.411687366931948517e+00 1.117779590540239454e+00 1.822020073202671453e+00 3.681630548539149284e-01 5.127027797703801459e-01 0.000000000000000000e+00
1.179733249818119889e+00 5.588425220414610095e-01 1.380746135488754245e+00 1.147343054369176940e+00 5.630693312346390922e-01 1.679649217938576466e+00 2.394359303760949409e+00 1.830871623364831668e+00 9.973345291273699731e-01 6.878173210441124175e-01 0.000000000000000000e+00
-1.733059464334587574e-01 1.317994331084358706e+00 -2.248394727125287706e-01 -2.427389975574687775e-01 -1.450764140523969958e+00 -8.206409764540402163e-01 -9.284417576534658156e-01 -9.538260576508759137e-01 -1.228658218460359164e+00 -8.519398240127781241e-01 0.000000000000000000e+00
1.496068802645456053e+00 1.967970461903697066e+00 1.551946906392060344e+00 1.545402958786706860e+00 -1.272815936313346663e+00 6.222305289662665162e-01 7.380562267697273748e-01 4.618318649506675255e-01 -4.083460431418040049e-01 -7.681350078317780161e-01 0.000000000000000000e+00
2.235229104301410530e+00 6.578623232209696026e-01 2.250631133592043476e+00 2.193671945980970150e+00 -7.206998562848524470e-01 1.778588978310254642e+00 1.696968534501487325e+00 1.521067367689212357e+00 1.626506003400823852e+00 -2.639984372232579216e-02 0.000000000000000000e+00
6.660794808707611869e-01 -5.100635368450279206e-01 5.432504724212264824e-01 5.218203474273440667e-01 -9.915942207304886402e-01 -4.619843451067068840e-01 -1.344512182703178516e+00 9.891830830208500625e-02 2.885210960851231632e-01 -1.140878817114436616e+00 0.000000000000000000e+00
2.589149079246840790e-01 2.719389955469880271e-01 3.165251271709009773e-01 1.465067232622443982e-01 1.023828074280001443e+00 6.552104490901590195e-01 5.917814679631874242e-01 1.078489859581185151e+00 3.283420754695190458e-01 -2.890148002623528500e-02 0.000000000000000000e+00
1.646406491117853754e+00 1.792781582893796966e+00 1.496422332045042491e+00 1.661977645080412014e+00 7.219516564226952093e-01 5.727606487804270952e-01 2.249562067770637164e+00 2.184933629851252945e+00 7.982296322053904492e-01 5.927551414955134490e-01 0.000000000000000000e+00
8.790578728733243752e-01 1.147883390596485809e+00 8.162462962940673084e-01 8.374249859298142917e-01 -9.582289324409966058e-01 -5.238216953390057995e-01 -2.932546989571887530e-01 -4.064113258797954348e-02 -1.188837239075963170e+00 -1.085842818428407019e+00 0.000000000000000000e+00
1.680858878059444672e+00 -2.460107336996713856e-01 1.561201002116564318e+00 1.858164312257623241e+00 -2.136341373710431313e+00 -1.040781943281024358e+00 -1.281421958450256859e+00 -6.395960268941763838e-01 -6.791287029556959398e-01 -1.334755630667497917e+00 0.000000000000000000e+00
1.336335008643534161e+00 -1.242556168647241874e-02 1.473287092733784887e+00 1.411768562303679087e+00 3.326899597119580276e-01 1.067459450638817753e+00 1.221206187676176391e+00 1.370591014932483365e+00 -5.792142455912030474e-02 1.787343331983325401e-01 1.000000000000000000e+00
