2.351074110523452276e-01 -2.692251751321840469e+00 4.332162147215500303e-01 1.223863456217622880e-01 1.344394629547348785e+00 3.073803090070462929e+00 2.294356062212336678e+00 2.002218121373556592e+00 2.073249523841526276e+00 2.427647236311554213e+00 0.000000000000000000e+00
9.432285419600091592e-01 -1.755492225627270697e+00 9.958400758448532342e-01 9.325997133163560493e-01 -1.953486443992538124e-01 -3.218175745034977664e-02 7.534556297820329540e-01 6.541486881300754286e-01 -4.647286393140286909e-01 -4.751754975075106469e-01 1.000000000000000000e+00
-1.082613649941045697e+00 -2.202474474056147213e-01 -1.057965726141838925e+00 -1.035726072863314196e+00 1.386928974131509174e+00 6.477886822348005724e-01 -8.212510413225502237e-01 -7.458907115819045641e-01 1.145431277310888341e+00 1.814374827758231445e+00 1.000000000000000000e+00
-3.714137315076968537e-01 3.498511528276967986e-01 -4.861935095531160211e-01 -4.338141824712832828e-01 -1.747001534829421443e+00 -1.450252601853670997e+00 -1.736886978987060903e+00 -1.584339503940350058e+00 -1.633862842341424093e+00 -7.467675641525540753e-01 0.000000000000000000e+00
-8.270742853091501701e-01 1.367039526687962248e+00 -7.592719201958899600e-01 -8.142860004089471637e-01 9.615855282899058443e-01 5.405378242402972822e-01 2.388160142494825944e-01 -3.115477797027549900e-01 1.590617610848010788e+00 1.268270349665509000e+00 1.000000000000000000e+00
-5.807712832543103776e-01 -1.774416660489787301e+00 -4.953418650185357208e-01 -6.894693464668070204e-01 4.001321797789906265e-01 1.698847090580931640e+00 8.998487168983300144e-01 4.418592493436016566e-01 2.497632757680650961e+00 1.202562591606223474e+00 0.000000000000000000e+00
-2.658952863092115329e-02 -1.268188027917469540e+00 1.221721288972849595e-01 -1.193090610249694372e-01 1.361408367381012230e+00 2.001294510125430470e+00 1.129248193616651408e+00 1.781739475749622770e+00 4.656994506332672756e+00 1.758888276508168147e+00 0.000000000000000000e+00
-5.930864333570521341e-01 8.300586874640548674e-01 -4.999160427512452376e-01 -6.128275414146157063e-01 4.766940000304789593e-01 7.593295745490835635e-01 3.052211259311021774e-01 1.253149081263826847e-01 2.206389361908545066e-02 4.841577701580453974e-01 0.000000000000000000e+00
-6.353497893914739070e-02 5.249021753059754936e-01 -2.420155854942821275e-02 -1.559876391570897969e-01 1.454983925466165173e+00 3.281811254111811627e-01 1.412979125347207043e+00 1.158099878127638371e+00 1.361783514170050724e+00 2.534505307498906013e-01 0.000000000000000000e+00
-1.497410296583416012e-01 -4.046531621170699339e-02 -1.477043573325924619e-01 -2.375564173912075583e-01 -5.526371389061998096e-01 -1.502162017122936864e-02 -2.003632470994089476e-01 -7.354967182882049537e-01 -1.027547045688927685e-01 -8.066346326065690908e-01 0.000000000000000000e+00
-1.153425763031812323e+00 -2.226130017634288250e-01 -1.140300925330614890e+00 -1.086911849808884556e+00 -8.475934848043745196e-02 -1.887680101223244700e-01 -6.304872659462616991e-01 -9.178640551685729454e-01 -8.350238139383645564e-01 3.074769095986351064e-01 0.000000000000000000e+00
5.676164638263792028e-01 7.212431870045844517e-01 6.847959900205887740e-01 4.043186999208945309e-01 -1.002650504606615867e+00 1.816823034374885237e+00 9.451249294085251051e-01 5.064279955620397677e-01 1.619741950425205967e+00 1.965038070985103691e-01 1.000000000000000000e+00
4.383073877475879288e-01 -9.843215049797202632e-01 4.743838143159383458e-01 3.276768948687032723e-01 6.213107716166234029e-01 7.357343857902930440e-01 7.444003872799936916e-01 5.470590602555932547e-01 -5.698788523330006184e-02 -2.327868788888158569e-01 1.000000000000000000e+00
6.107194891859762942e-01 -7.548627322717071930e-01 5.567190135047143107e-01 5.357046514389367520e-01 2.299948014423493781e-01 -1.630278042036435449e-01 -2.380934241912381899e-01 2.018524951072626361e-01 -1.538168583730732328e-02 -3.612820502047501270e-01 1.000000000000000000e+00
-1.399728765086651894e+00 4.917844142965713816e-01 -1.401486473868343685e+00 -1.251691730671095959e+00 8.169687567037603459e-01 -1.737528900030938794e-01 -5.323888055075058912e-01 -4.661978011332570948e-01 -6.530912511249883923e-02 5.571663902239173405e-01 1.000000000000000000e+00
-1.054904562209876273e+00 -1.412486843744158005e+00 -1.047445117356606170e+00 -1.018755387458900152e+00 -1.613211687319257848e-01 -1.351425811250728248e-01 -1.059252998417808511e+00 -1.034402767855509442e+00 -1.076339770435122078e+00 5.221222525922981639e-01 1.000000000000000000e+00
-6.669773339735040052e-01 -4.568028831870717954e-01 -5.959737751381510851e-01 -6.861846976788558150e-01 1.108986366067007123e-01 4.504471035249144051e-01 3.308776463535461065e-01 1.454729557262852691e-01 -2.733401220924625563e-01 1.103536354207805270e-01 0.000000000000000000e+00
-9.348318487081423989e-01 1.007475264300147666e+00 -7.793983022198128774e-01 -8.865482737438703520e-01 2.044741946918524622e-01 1.057486959773803026e+00 8.032594635432475094e-01 -1.748510194159161313e-01 -1.110759444480903940e-01 6.082724242700280337e-01 0.000000000000000000e+00
-4.453046321241487804e-01 2.717878590198163913e-01 -3.489681775718225243e-01 -4.754197337853297567e-01 1.097695430959219065e+00 8.773055183430371606e-01 9.843643135840273173e-01 3.546126995752736932e-01 7.293692833509620721e-01 1.639154139600138116e+00 0.000000000000000000e+00
2.162428402131465255e+00 -3.692773719479324201e-01 2.418409350717595441e+00 2.202663911324097334e+00 3.581701154674178600e+00 3.268999651620458913e+00 4.206521437226240501e+00 3.706203082552816053e+00 3.055155829586954308e+00 9.762358694020213390e-01 0.000000000000000000e+00
-3.283107061480997624e-01 -5.229308800078001640e-02 -3.260972889082736081e-01 -4.009676945917727275e-01 -1.528142998150934795e-01 -1.265625124855128958e-01 -6.606714076197249819e-01 -8.630593632563380302e-01 9.956489594853148439e-01 -4.634941182969716245e-01 0.000000000000000000e+00
-7.008439967560448070e-01 -9.914181680531642948e-01 -7.537829069166386287e-01 -7.614578990694008676e-01 1.199777857961203287e+00 -8.151715212782116582e-02 8.789530588216612483e-02 8.531378242032588988e-02 1.510431117466636275e-01 1.106191213119581476e-02 0.000000000000000000e+00
1.396649977560952827e-01 -2.415374366259458450e-01 1.862106171552221912e-01 2.028851246295042612e-02 7.574206742859366237e-01 6.906890254326019107e-01 5.648047443228868536e-01 6.887953324424075374e-01 2.092917909010527655e-01 -6.194670793467610403e-02 1.000000000000000000e+00
1.860707224614286615e+00 6.598462988994850675e-02 1.773450290405516272e+00 1.997373362077156544e+00 -1.548791489067233407e+00 -4.247198977102313866e-01 -2.365842171075651645e-01 4.248508966811839205e-01 -4.980135988308226347e-01 -9.570323899422644720e-01 0.000000000000000000e+00
-1.168819700660239880e+00 -5.041139703433630270e-01 -1.257399875287985358e+00 -1.069941164404470957e+00 -1.030723172032161239e+00 -1.531977755645482331e+00 -1.350680886275097414e+00 -1.548118012159275247e+00 -1.342619446569474961e+00 -7.847320465868068418e-01 0.000000000000000000e+00
1.189531544014849063e+00 1.137580753979949177e+00 1.343477583530796382e+00 9.709206158424517064e-01 9.785992661235692891e-01 3.193924051024306543e+00 1.518623621204328922e+00 2.080960494810676131e+00 1.973394645291143057e+00 1.736985690488406897e+00 0.000000000000000000e+00
3.336286118742811668e-01 -7.524971779138931449e-01 2.411007499477390570e-01 2.318746385534641297e-01 -1.422039142206436457e+00 -1.064364014789448420e+00 -1.001903129238228329e+00 -7.997504950128941914e-01 -1.246925187958692005e+00 -1.143934457310896935e+00 0.000000000000000000e+00
-7.285530844872142309e-01 3.427544897542536551e-01 -5.913995974054409022e-01 -7.797971881354610613e-01 1.534329811908610453e-01 1.366369430797972129e+00 3.263500251025263088e-01 1.653160338324390355e-01 -7.642932749651766278e-01 6.769005271319473716e-01 0.000000000000000000e+00
-8.547833730403195940e-01 -3.645462632323033803e-01 -8.617335014085895084e-01 -8.583550383139569862e-01 -3.297571732852001558e-01 -2.938738509569376323e-01 -4.539100371565012448e-01 -7.474655590506470437e-01 1.219187721694684895e-01 3.761050124605543887e-01 0.000000000000000000e+00
-6.485046088193914260e-01 -1.201952505898661094e+00 -6.655012766753395370e-01 -6.560754171226378384e-01 -1.177041317401672726e+00 -8.241220928817611924e-01 -1.095323047717597253e+00 -1.346222566666501530e+00 -1.359261926327872683e+00 -3.247777401718152102e-01 1.000000000000000000e+00
-9.348318487081423989e-01 4.846877512231274054e-01 -9.358351806784875881e-01 -9.459456726593183928e-01 -6.776881119836308809e-01 -7.937213496793134315e-02 -5.520084975952570527e-01 -5.956502630638811357e-01 1.307695454955260406e+00 3.279193232170793948e-01 0.000000000000000000e+00
7.092406900079122334e-01 2.533257825090545534e+00 6.710734568224588914e-01 7.300463713927075604e-01 -1.564954540009215078e+00 -4.568951551085823626e-01 -5.067322850850619620e-01 -5.405306016578976802e-01 -2.049924836301350251e+00 -1.307473766258450354e+00 0.000000000000000000e+00
-5.429861636209055986e-02 -6.342194600231645385e-01 3.243507846830873294e-03 -1.677576306472476353e-01 9.785992661235692891e-01 4.912024295628258930e-01 6.478111339249111866e-01 8.021843501918594077e-01 8.749909812369366380e-01 1.702207038747965417e-01 0.000000000000000000e+00
7.193167219101476162e-02 4.144200342762268896e+00 3.243507846830873294e-03 -9.768512317095838504e-02 -3.807983867861927663e-01 -9.653227224705174248e-02 -9.622795832596056642e-02 1.442130777512909690e-01 -4.647286393140286909e-01 -3.539811881981637653e-01 0.000000000000000000e+00
6.846103898024277212e-01 -5.750806010778003463e-01 6.024607908318121430e-01 5.822371759349100895e-01 7.687116093937151895e-02 -3.324841598349587146e-01 -1.535778275055408870e-01 7.491978912662625167e-02 -6.020290973208044516e-01 -8.197761842184259073e-01 0.000000000000000000e+00
-5.869288583056813113e-01 -1.062384798787601614e+00 -4.633226208895671050e-01 -6.651082012895034312e-01 2.628931835988989274e+00 2.018454647404551050e+00 1.459764544941074993e+00 1.280937980689544453e+00 1.985876505109941847e+00 2.026099825949259081e+00 0.000000000000000000e+00
9.493861170113800929e-01 1.253492917512862848e+00 8.952081657252385360e-01 9.079648474067231190e-01 -2.208692511497495348e-01 -5.469858758239652952e-01 5.771116420870274488e-02 3.086271534879959644e-01 -4.439255396160323164e-01 -9.292891143172338220e-01 1.000000000000000000e+00
-1.119559100249346330e-02 7.308129296339249681e-02 -7.909169134194574124e-02 -7.660862678160595962e-02 -4.539574594709483990e-01 -9.513216104632421510e-01 -8.672818573745817439e-01 -5.751772459702302331e-01 -2.234126828172710300e-01 -9.176077351066938004e-01 1.000000000000000000e+00
2.166346858982326484e-01 6.431798931967039890e-01 8.557870703560682690e-02 1.166382102428478729e-01 -1.194905742127020165e+00 -1.373460987529606658e+00 -1.374677278905500621e+00 -1.136767853323764399e+00 -1.592256642945431455e+00 -1.019819803198914299e+00 0.000000000000000000e+00
-3.036804059426163049e-01 -7.075516451154160169e-01 -2.071686678578195107e-01 -4.138325690112474864e-01 3.405840973611657385e-01 9.845563763375404509e-01 7.051610031044914795e-01 2.201207257446742005e-01 -1.859671033608782387e-01 6.944225959477559051e-01 0.000000000000000000e+00
8.816527914462994886e-01 4.965155230122004215e-01 9.775433649140138348e-01 7.957393471517286709e-01 4.596802621968144043e-01 1.061776994093582616e+00 1.210745376135002660e+00 1.400626388313965576e+00 1.365944134109649655e+00 1.840657930981945301e+00 0.000000000000000000e+00
9.586224795884369376e-01 -5.938975107422315991e-02 1.032433497706531922e+00 8.422718716477020084e-01 1.225298464711700008e+00 1.141142629009515241e+00 1.636341773730835891e+00 2.106158054310554029e+00 2.697342514781417400e+00 6.739801823293115612e-01 0.000000000000000000e+00
4.752528380558141419e-01 -7.831418593674016604e-02 4.377903924542602132e-01 3.714722120413839757e-01 -9.728764633977032839e-01 1.265495123815147394e-01 -6.350148871972812747e-01 -7.128189147383143798e-01 1.344006319882660727e-01 -1.831410172440229855e-01 0.000000000000000000e+00
-4.545409947012050700e-01 -6.011016990137604266e-01 -2.849296893138859588e-01 -5.411127095443508672e-01 1.846299895640439059e+00 2.190056020195756403e+00 2.163055045932771314e+00 1.280937980689544453e+00 1.890182246499157559e+00 2.036321032758480865e+00 0.000000000000000000e+00
9.894103548452922725e-01 4.480216586770147634e-03 9.363757653196268516e-01 9.216508840231858457e-01 -9.439531090804749169e-01 -4.547501379486922346e-01 -7.559023745995020471e-01 -1.789456228346460731e-01 -1.259407047777489463e+00 -9.511917003369949608e-01 0.000000000000000000e+00
1.050986105359001943e+00 -1.043460363925084566e+00 9.821175426467246838e-01 1.036613591601472706e+00 -6.921497891422456750e-01 -5.727260817426458317e-01 6.978482087808801637e-02 1.851591119385932738e-01 -1.454956184938655639e+00 -1.066545320041072387e+00 0.000000000000000000e+00
7.153982650592830561e-01 3.427544897542536551e-01 7.122410564168472069e-01 5.959232125513728162e-01 -1.358005619814288967e-01 -5.363192904925043192e-02 5.663139514065599345e-01 5.848553995054102117e-01 2.841829498138394583e-01 -4.737153251061927972e-01 0.000000000000000000e+00
-6.454258212937055150e-01 1.904020365911869739e+00 -7.601867557424324406e-01 -6.481375158850894991e-01 -1.650023229177535633e+00 -1.892984143654980134e+00 -1.527559956481592485e+00 -1.768281688289460751e+00 -2.858219819112601257e-01 -1.335217041883481004e+00 0.000000000000000000e+00
9.093618791774689125e-01 -5.254039595636941229e-01 9.363757653196268516e-01 8.039509691216063514e-01 9.105443147889132893e-01 3.131660052919505999e-01 9.843643135840273173e-01 1.334482794626785873e+00 -8.183813341799669461e-01 -2.269461892835463457e-01 1.000000000000000000e+00
1.343470920298996812e-02 8.655420028312740266e-01 -4.249826948026695639e-02 -7.524002311995968417e-02 -1.640665673369020583e+00 -5.019405154662738289e-01 -4.176890671483452500e-01 -8.243181155252753411e-01 -1.887660658656979518e+00 -1.170217560534610790e+00 0.000000000000000000e+00
1.192610331540534974e+00 -2.935796324978661165e-01 1.133065407826146620e+00 1.170736750442807450e+00 -4.896863089216433318e-01 -3.603693829135297122e-01 1.376991396433805970e-01 1.006914521128369655e+00 -1.525686723911842346e+00 -8.007939430012995796e-01 0.000000000000000000e+00
-3.006016184169303385e-01 -5.325006226371372664e-01 -1.614268905307217061e-01 -3.845444506520174222e-01 3.093406878831795790e-04 1.179752937887536213e+00 1.139812643202363640e+00 2.648463938569576293e-01 9.582033800289221359e-01 5.396443214081088069e-01 0.000000000000000000e+00
2.412649861037171883e-01 -2.841174150666080367e-01 2.319523944823199957e-01 1.388095895615175657e-01 -2.123623822329184230e-01 -1.158374266860625751e-01 -4.690021079932327197e-01 -1.861899211908612795e-01 8.125816821429474590e-01 -1.919020516519282793e-01 1.000000000000000000e+00
-1.048746987158505339e+00 6.455454475545181481e-01 -9.605357404351206885e-01 -9.864563410440483349e-01 1.157243513377042898e+00 7.250092999908427371e-01 -1.867803833463506924e-01 -5.021043234205835315e-01 1.474120252539231402e+00 1.501897933876299662e+00 0.000000000000000000e+00
-6.700561214991894721e-01 -6.365850143809786976e-01 -7.350287782125281000e-01 -6.963123647750384393e-01 -8.886584611210667228e-01 -1.036693293426866669e+00 -1.104981973053105637e+00 -1.265590376266891415e+00 -1.496562384334648499e+00 -4.284499806653525589e-01 0.000000000000000000e+00
2.279422328107513884e+00 -3.809976185389205711e-02 2.386390106588627269e+00 2.421640497187501406e+00 3.433681635521119990e-02 1.636641592944120038e+00 1.251493967394178286e+00 2.002218121373556592e+00 2.925041896930382634e-01 7.747320780202161528e-01 0.000000000000000000e+00
1.137192156078196126e+00 7.874787090233926756e-01 1.357200116728926265e+00 1.069460079480983428e+00 6.213107716166234029e-01 1.915493823729828016e+00 2.555448887687794990e+00 2.011667206186011025e+00 9.498821401497232753e-01 9.791562142046571493e-01 0.000000000000000000e+00
-1.928440550179376101e-01 1.494779462009949045e+00 -2.300395565213684268e-01 -2.687605808767425386e-01 -1.535180498800302606e+00 -6.864119912168192839e-01 -8.386069227847916530e-01 -9.610148758121144219e-01 -1.375904406086269072e+00 -8.183160118171081132e-01 0.000000000000000000e+00
1.448149696172430501e+00 2.100361377610479696e+00 1.526444692839187711e+00 1.452669104741939776e+00 -1.344626635063264075e+00 8.151000207062255587e-01 8.636277468901741861e-01 5.502087551930781029e-01 -5.188166985288190647e-01 -7.204844609288402202e-01 0.000000000000000000e+00
2.174743552234207122e+00 8.797353289781610908e-01 2.217145530478366044e+00 2.076752374452640382e+00 -7.533992453434363856e-01 2.018454647404551050e+00 1.843103144194059739e+00 1.680949237750109848e+00 1.607260090606407177e+00 1.453977730523996204e-01 0.000000000000000000e+00
6.322710018657748954e-01 -2.084196756165417053e-01 5.292739471084558778e-01 4.672744683566231183e-01 -1.043483475407410266e+00 -3.131790053959481734e-01 -1.263599637547155430e+00 1.627962778824513235e-01 2.092917909010527655e-01 -1.155615836521435957e+00 0.000000000000000000e+00
2.320286235266603436e-01 5.201710665903465092e-01 3.051392382056762886e-01 1.059631016820069965e-01 1.114709168792882510e+00 8.494202952644663851e-01 7.142162456065302978e-01 1.208494997127394388e+00 2.508979902970455145e-01 1.424774282497658640e-01 0.000000000000000000e+00
1.595931497405334465e+00 1.937138126921273962e+00 1.471554560046670845e+00 1.564894604996934113e+00 7.914481499532646236e-01 7.636196088688638195e-01 2.407546593487824182e+00 2.389630598684182594e+00 7.418511431697596414e-01 8.681831117045303303e-01 0.000000000000000000e+00
8.416285536123884192e-01 1.336287320036373183e+00 7.991504333383333547e-01 7.711044812420957406e-01 -1.007754625956715389e+00 -3.775295201926501254e-01 -1.897987975136966876e-01 1.381570733942181703e-02 -1.334298206690276212e+00 -1.091368250863469225e+00 0.000000000000000000e+00
1.629798160187874601e+00 3.759797759617426738e-02 1.535593048304608077e+00 1.753761910304119986e+00 -2.269323286322908917e+00 -9.154998238930782684e-01 -1.199156495074311213e+00 -6.255723649699862499e-01 -8.017388544215694468e-01 -1.381942558725639092e+00 0.000000000000000000e+00
1.291131532362470802e+00 2.552289785151143353e-01 1.448683671383121929e+00 1.324020360547190078e+00 3.746115730284937384e-01 1.278423727242478991e+00 1.357138463251299720e+00 1.520314795938386698e+00 -1.526821438440831291e-01 3.848660468684596547e-01 1.000000000000000000e+00
