5.487492737625277589e-02 1.180014577703241141e+00 -2.891723937528725349e-02 7.936919739836921506e-03 -5.916574995323393704e-01 -9.130484763175497065e-01 -7.481110741992951230e-01 -5.948099258162964365e-01 -3.085026716010189074e-01 8.787896728540019187e-02 0.000000000000000000e+00
-2.170778551682969848e+00 -3.913157186979019375e-01 -2.014552603640574979e+00 -1.878296446162886602e+00 3.045018871659095794e+00 2.521587865860802857e+00 1.003938075604844382e+00 3.914152652987781811e-01 1.986951058629750522e+00 5.178934136892415552e+00 0.000000000000000000e+00
3.786063425121400372e-01 -5.588952655440070361e-01 3.142912779952161118e-01 3.058107484595204983e-01 -8.987240614350815449e-01 -5.301522451595634955e-01 -5.805581811080859911e-01 -6.683078309812526263e-02 -7.412521453330495058e-01 -7.568988767478949109e-01 0.000000000000000000e+00
-1.820069518619092053e+00 4.052312182589100087e-01 -1.696711672336587151e+00 -1.608103821728264604e+00 1.219424137958711629e+00 1.677692192214097489e+00 8.179147848500373241e-01 -1.712881121426365616e-01 2.089151774264091654e-01 2.938631055807652270e+00 0.000000000000000000e+00
-6.768929589204916164e-01 3.856439984976769986e-01 -7.153342741162932450e-01 -6.849958353525177346e-01 -1.422723219308916320e+00 -9.778169930308409086e-01 -8.697518359552752765e-01 -1.076110589070435219e+00 -3.649482551312835943e-01 -1.397198691395039605e+00 0.000000000000000000e+00
-5.824712961725247995e-01 -3.260249861604581634e-01 -4.964766688365526148e-01 -6.365537278536603782e-01 1.097208590932745143e+00 9.652385083678942657e-01 9.097270537557874959e-02 3.231052953514136905e-01 6.291211881517139171e-01 1.614747756059360162e+00 1.000000000000000000e+00
-4.071167796405862349e-01 -1.736799435730899122e-01 -4.019699756475731967e-01 -3.182198785754528636e-01 7.229234781657204456e-01 -1.110618428970913119e-01 -1.689321760336195688e-01 7.171684344853059521e-03 9.915987611756080233e-02 8.340134620395128762e-02 0.000000000000000000e+00
2.538348595951832598e-01 -4.196083694641272732e-01 1.998884388717145355e-01 2.516518705104870968e-01 -6.290860108090421399e-01 -8.558997850999398027e-01 -2.151081701926142453e-01 -4.024035104645530825e-01 -8.353281178834909282e-01 -8.583916212607289875e-01 0.000000000000000000e+00
-2.029146057561019401e+00 -7.569438209075860513e-01 -1.997143475947867675e+00 -1.714315399039424426e+00 6.312618178962445814e-01 1.330583164208388623e-03 -5.739616105139438984e-01 -1.127912316280520022e+00 1.058734796132062561e+00 2.275943135753264901e+00 0.000000000000000000e+00
-5.824712961725247995e-01 -9.354051565099319454e-01 -5.511910701564876058e-01 -6.112795848107778207e-01 1.042072713467608325e-01 8.324370724278248868e-02 -3.945348903532791551e-01 -3.964263880941586438e-01 1.085674733726047642e-01 3.595213128932799318e-01 0.000000000000000000e+00
-9.669023516463901569e-01 6.576887174036919470e-01 -1.121215651180540229e+00 -9.374363831260680291e-01 -6.695699107613939383e-01 -1.909150164240489556e+00 -1.864514681551902475e+00 -1.777710905404824571e+00 -1.249262397105432632e+00 -1.149436991554885434e+00 0.000000000000000000e+00
-2.329272057009914576e+00 -1.802090168268337678e-01 -2.297077875910785494e+00 -1.923428844453747733e+00 1.532601477212752972e+00 -5.663464162640496902e-01 -8.035222671900885683e-01 -9.893000022623263945e-01 -2.144266990505774295e-01 8.893731408646927683e-01 0.000000000000000000e+00
-1.580643159508176021e+00 -8.009656026942083007e-02 -1.624588143323945078e+00 -1.440813065396805870e+00 -4.197918865270728328e-01 -8.920939562044259974e-01 -1.091264676506566778e+00 -1.107988575045872226e+00 -6.816706960511028646e-01 -1.449573289499248574e-01 0.000000000000000000e+00
-9.298081269954033834e-01 -3.439304749321012156e-02 -1.035662223662096038e+00 -8.953128113879309513e-01 -9.224033236713630179e-01 -1.537683671326025348e+00 -1.487850500626389350e+00 -1.653899084875226411e+00 -1.089333243769682547e+00 -8.807797266679713299e-01 1.000000000000000000e+00
-1.216445317480303157e+00 -6.100396726984777182e-03 -1.077444130124592281e+00 -1.097205073075716131e+00 1.729535165488672310e-01 9.385691191330099992e-01 6.358494364517155439e-01 -1.399793759167614615e-01 -4.508994845978330640e-02 1.519225172988457384e+00 1.000000000000000000e+00
-2.216456563856507578e-01 5.096963903188198586e-01 -1.930604433350929239e-01 -2.436009800678959336e-01 3.409998937095726768e-01 5.994868845751912811e-01 5.139328181072616575e-02 -3.417784121362673067e-01 -1.140789949967730144e-01 3.177301827997596750e-01 0.000000000000000000e+00
4.190727694041261886e-01 8.949117122897369825e-01 5.480709927258481384e-01 3.659872795140020063e-01 1.440939816943276996e+00 5.251935859922987060e-01 3.746252409236889291e-01 1.578300993134235775e+00 -1.032887660239417915e+00 1.417732428475623196e+00 1.000000000000000000e+00
-1.159117879383323224e+00 -5.240735415240370676e-01 -1.173940437907023515e+00 -1.106833318044433412e+00 -3.907656941084062252e-01 -7.130280570559152098e-01 -9.423141124908381849e-01 -9.409137735496098109e-01 -2.646005510774792069e-01 1.729537678329230166e-01 0.000000000000000000e+00
-1.007368778538376475e+00 -1.198744444410953847e+00 -9.670205201879956691e-01 -9.864802559354702849e-01 1.036100817419760789e+00 2.546897808956116727e-01 4.875465357306962150e-02 -6.313065972597620146e-02 6.071701278899440668e-01 7.371340240954425971e-01 0.000000000000000000e+00
2.706958708001775959e-01 -1.100808345604788574e+00 1.650701834863017303e-01 2.005018191141778039e-01 2.111458749944820079e-01 -7.911312683866486006e-01 -2.586455361139520237e-01 -1.365638774193929927e-01 8.219769318800364613e-03 -9.122587597254222525e-02 0.000000000000000000e+00
6.517547240330442415e-01 6.402778553937074069e-01 6.127334670130448746e-01 5.465168726774466412e-01 -8.675452088131201112e-02 1.403923984603923925e-01 1.176768225171367144e+00 6.675013938360429000e-01 7.482840867156062004e-01 -2.404799120208277463e-01 0.000000000000000000e+00
-1.715531249148128934e+00 6.354305131295512332e-02 -1.808627493218272875e+00 -1.516635494525452543e+00 -9.231671708402751086e-01 -1.789137912683508969e+00 -1.559357325866889576e+00 -1.833212755987058351e+00 -1.186545082071805091e+00 -3.121218493240038860e-01 0.000000000000000000e+00
-2.042634866525014470e+00 -1.218331664172187745e+00 -1.944418689221385277e+00 -1.740191307392851439e+00 4.937693274920317843e-01 3.518425559655488644e-01 7.855915889388397771e-03 -4.923449708952499226e-01 2.240956184515942251e+00 1.637135861466602726e+00 0.000000000000000000e+00
5.843106792130680072e-01 -8.766434972262328040e-01 6.276555764639354384e-01 6.127110568373762556e-01 7.152850064765973181e-01 2.870740392522574402e-01 1.127953602774715902e+00 1.057437472285581492e+00 1.995075801713643293e-01 -2.867486631957958942e-01 1.000000000000000000e+00
3.786063425121400372e-01 4.226420802688953815e-01 1.949144023880843291e-01 5.908697113614622132e-02 1.311085798228187382e+00 1.842063950605598854e-01 6.147404105504609140e-01 6.845788863228841059e-01 1.290788861756484218e+00 3.998199026263179467e-01 0.000000000000000000e+00
3.157300989095169097e+00 -6.703841376193160617e-02 3.184310329050002331e+00 3.729855365459519234e+00 5.166847425594002230e-01 7.595032199844987675e-01 1.606864627909431631e+00 2.742416730987238704e+00 -5.123339454603087484e-01 -7.524212556664460205e-01 1.000000000000000000e+00
-8.691084866574245726e-01 5.048490480546668352e-02 -9.530932180338302917e-01 -9.019322298039237351e-01 -9.216394765024510383e-01 -8.825691743348242913e-01 -1.471754868376682568e+00 -1.674107450984655188e+00 -7.412521453330495058e-01 6.399832151767549659e-02 0.000000000000000000e+00
-1.860535945511078149e+00 1.018964104110879898e+00 -1.836979501174966334e+00 -1.603590581899178469e+00 5.837644121202394815e-02 -3.091773057848053452e-01 -7.494303883181235859e-01 -1.304379738644544817e+00 -6.390514296987125087e-02 9.893733450170445476e-01 1.000000000000000000e+00
4.460503873321162160e-01 6.789576681545127224e-02 4.684864089877607274e-01 4.141285043575872460e-01 -1.329533864701616386e+00 -1.663055777407805857e-01 -7.111702788720993818e-01 -6.753587653792303414e-01 -6.158175152657942020e-01 -1.112123482542814124e+00 0.000000000000000000e+00
-1.364822216084251139e+00 3.421168434727147600e-01 -1.319182303229033515e+00 -1.241327864951199622e+00 2.265894759368555889e+00 4.813795893921312130e-01 -1.253948101122818182e-01 8.879433593536904465e-03 9.019415085479933758e-01 1.711762879490745348e+00 0.000000000000000000e+00
-1.474572070836758508e-01 7.360375964486242095e-01 -1.781383338842016384e-01 -1.876368061872280557e-01 -1.555007660834194505e-01 -7.035032751863136147e-01 3.820014062244197345e-02 -7.251681184658502755e-01 -2.055179895287547076e+00 -6.091373810600926308e-01 0.000000000000000000e+00
6.551269262740435639e-01 -1.345055040506238364e-01 5.779152116276307094e-01 6.608522816809615508e-01 -6.726252994370429672e-01 -3.987102553590610166e-01 -5.027186480972092308e-01 -1.291636306750952590e-01 4.096105855340171353e-01 -1.034511383797705797e+00 0.000000000000000000e+00
-1.695298035702135886e+00 3.307404279548131765e-02 -1.632546601697753674e+00 -1.525962856838897208e+00 4.708539124246622909e-01 5.404332369836613026e-01 5.535122416721171418e-02 -6.500271515237492359e-01 5.005506923327767144e-01 1.462508639290108103e+00 0.000000000000000000e+00
1.805047890454642090e+00 1.042904039374609182e+00 1.761735894731685459e+00 1.984735964879555059e+00 -5.763805561540940037e-01 3.175533412349824669e-01 3.917763244684582813e-01 9.179712836430460321e-01 -1.705245785270385894e-01 5.205799863381108811e-02 0.000000000000000000e+00
-1.879236339756620577e-01 -1.109513776609781788e+00 -2.527488811386588430e-01 -2.472115719311646087e-01 -1.402238227051731123e-01 -9.035236944479480004e-01 -5.106345328101800085e-01 -2.253668383509671302e-01 -4.715676906884509467e-01 -9.867500922622542969e-01 0.000000000000000000e+00
5.708218702490729379e-01 1.434648434599270939e+00 7.719026344892196967e-01 5.916492709683077722e-01 -7.665785012132548815e-01 1.043341719698628101e+00 1.727701807429408154e-01 6.532701500970086173e-01 -2.206984305539403668e-01 -6.286760912336761264e-02 1.000000000000000000e+00
-7.848034306324540577e-01 2.477123797447120968e+00 -7.153342741162932450e-01 -7.987294790454880777e-01 2.798921201965894889e-01 2.356402171564083992e-01 1.292328148216030648e-01 -2.122740941110555501e-01 4.002029882789731596e-01 5.610142615584657877e-01 0.000000000000000000e+00
-7.578258127044634751e-01 -6.089514938227139629e-01 -8.993736240106211532e-01 -7.575085552731680716e-01 -1.851241481068714112e+00 -1.816759780105353439e+00 -1.625586894632075952e+00 -1.792511398893420260e+00 -1.305707980635697485e+00 -1.240481953544339433e+00 0.000000000000000000e+00
1.312706363268813625e+00 -2.585578958717667519e-01 1.453345632746596117e+00 1.446156011941945430e+00 -6.588760503966216708e-01 8.490361695587543833e-01 7.150082835814206561e-01 4.938802202198246394e-01 -7.600673398431374572e-01 -1.195841428217158248e-01 1.000000000000000000e+00
6.247771061050542141e-01 -6.785949418626537888e-01 5.679671386603702965e-01 5.465168726774466412e-01 -6.383910581394355854e-02 -3.110822621587260306e-01 5.667053828603998977e-02 3.657990265685165387e-01 -2.144266990505774295e-01 -6.136150021415405220e-01 0.000000000000000000e+00
5.640774657670755143e-01 -7.134166658826237573e-01 5.679671386603702965e-01 6.217375364955485262e-01 9.444391571502860350e-01 2.413550862781698170e-01 7.176469118190775820e-01 4.198777527768466911e-01 -5.374208714737596093e-01 4.147453062311448058e-01 1.000000000000000000e+00
7.765262069500009634e-01 -5.480134767877663515e-01 6.475517223984577075e-01 7.932406500008208905e-01 -1.713748990664501148e+00 -1.255178641073640744e+00 -6.570784000001341774e-01 -4.038266348384567661e-01 -1.109431292450919898e-01 -1.758393458631889894e+00 0.000000000000000000e+00
-2.688564877596344438e-01 -2.563815381205182820e-01 -3.124373189422247066e-01 -2.760963068373158413e-01 7.076465347874741907e-01 -8.749493488391431040e-01 -1.913605160537027727e-01 2.246250886772964694e-01 -7.412521453330495058e-01 -3.031666071611071600e-01 0.000000000000000000e+00
6.146604993820573570e-01 -1.083892110356461658e-01 5.878632845948924546e-01 5.525345257828947476e-01 -3.563925715073525402e-01 -3.358466950196902223e-01 2.769959961303857243e-01 5.365739514369274321e-01 3.719801965138403443e-01 -8.345109754930032375e-01 1.000000000000000000e+00
-9.365525314774008070e-01 7.752120359710902298e-01 -9.988543536832307224e-01 -8.838792704875793049e-01 -1.800827567920561256e-02 -1.025631398016241036e+00 -5.515332704938608055e-01 -7.376916129562003377e-01 -9.921214054675591143e-01 2.834017545086549017e-01 1.000000000000000000e+00
1.400383621534783574e+00 -6.050934050818777832e-02 1.448371596262964633e+00 1.419076572967428840e+00 2.798921201965894889e-01 8.357014749413119725e-01 1.048794755645010346e+00 1.669380953064055317e+00 -4.370731674199552219e-01 -2.001813222877897591e-01 1.000000000000000000e+00
-1.098418239045344524e+00 2.420043869153010174e-01 -1.199308023973539195e+00 -1.040037368573958787e+00 -1.208082164844561879e+00 -1.622454229965480055e+00 -1.073981661549914479e+00 -1.102580702425038917e+00 -1.054838720501186877e+00 -1.280780543277376449e+00 0.000000000000000000e+00
4.475832065325592579e-02 -3.303777016629543262e-01 -1.399512992439595586e-02 -5.615108583318576679e-02 7.365338459026922469e-02 -4.025201681069017767e-01 -5.963899505340271023e-01 -9.130852232926418843e-02 8.975227886251595233e-02 -3.061516878820726983e-01 0.000000000000000000e+00
-1.912958362166614079e-01 -1.627981548168491721e-01 -2.676709905895501285e-01 -2.159197757828343056e-01 -1.707777094616647340e-01 -7.454123154125606998e-01 -7.072123365156142150e-01 -2.185358413562305535e-01 -6.722630987960588334e-01 -6.748091569213376939e-01 0.000000000000000000e+00
-1.307494777987271206e+00 -5.567189077927585661e-01 -1.341068063757007600e+00 -1.236212859811568698e+00 2.569767051292199400e-01 -7.282677080472778064e-01 -6.953385094461582705e-01 -7.633078516864619800e-01 -9.231323589305694410e-01 4.028049833472824859e-01 1.000000000000000000e+00
-3.617453313071528759e-02 1.273597961006910362e+00 -3.886531234254834988e-02 -8.654023401569900520e-02 -2.036231377248934049e-01 -3.834706043676984755e-01 5.930916652369690178e-02 -2.424443308378079476e-01 -7.851542658565883182e-01 -5.345103630359498981e-01 1.000000000000000000e+00
-8.675756674569713722e-02 2.507098179202933430e-01 4.569330787916994069e-02 -8.984994322369556363e-02 -7.444269333147984780e-01 9.309492936373284788e-01 6.371687505705441179e-01 2.491028279084353814e-01 -8.384639836351719389e-01 1.634150780745638132e+00 0.000000000000000000e+00
-3.936279706765899999e-01 -4.304901582203680133e-01 -5.462170336728574549e-01 -4.596347265534844739e-01 -2.113241060005631500e+00 -1.531778306566872416e+00 -1.699468485286467656e+00 -1.946208831274990336e+00 -3.680841208829654931e-01 -1.416601716081316464e+00 0.000000000000000000e+00
9.215309033129501781e-01 -2.041489520905637178e-01 9.808121668017006911e-01 9.316466714261283366e-01 4.479384973572938522e-01 2.451649990260100498e-01 7.057730847496216375e-01 5.878064288974511609e-01 -3.618123893796025836e-01 -7.779301272819658108e-02 1.000000000000000000e+00
-8.084088463194453178e-01 3.856439984976769986e-01 -7.103602376326630941e-01 -8.396495201625355786e-01 1.196508722891343135e+00 6.756851395320044862e-01 4.973214539747318197e-01 -1.778344842625925459e-01 -4.903828851985388981e-01 1.207284237647541669e+00 0.000000000000000000e+00
6.854767464430329138e-01 -4.174320117128788032e-01 6.177075034966751366e-01 6.127110568373762556e-01 8.129185627939239378e-02 -3.910904298633794407e-01 -3.193339855800591542e-01 8.145877666261196193e-02 -5.060622139569458389e-01 -1.285393849846136194e-01 0.000000000000000000e+00
-8.893417001034171765e-01 1.837274618580173380e+00 -7.302563835671845860e-01 -8.829766225217621223e-01 1.653150448597451305e-01 1.089060672672715668e+00 1.183364795765509125e+00 8.088952691305041631e-02 5.162300210911835441e-01 1.310269522520858043e+00 0.000000000000000000e+00
7.664096002270041064e-01 1.321477831534368708e+00 6.525257588820878585e-01 7.541259048154078659e-01 -3.693779733788618014e-01 -9.168583890653901891e-01 -2.810738761340352276e-01 1.839237315836584341e-01 -6.628555015410149132e-01 -1.106153321100882936e+00 0.000000000000000000e+00
8.522474754524213270e-02 8.687954192747601168e-01 3.077119842827864479e-02 -1.208408567167534170e-01 -3.029232696834924798e-01 3.823218579482739465e-01 6.912606294425092113e-01 1.631461157246685556e-01 3.123987472318945913e-01 -1.195841428217158248e-01 0.000000000000000000e+00
8.522474754524213270e-02 1.917799855376353335e+00 -1.134758595970055406e-01 -7.811551966807173120e-02 -1.251621453472562706e+00 -1.126403590196626503e+00 -1.361064413806978290e+00 -1.009508368371754949e+00 -1.130099498541540237e+00 -1.203168444532268122e+00 1.000000000000000000e+00
-7.004983746074835427e-01 -1.105161061107284848e+00 -7.899448213707505051e-01 -7.262167591248377407e-01 -4.549288562970385530e-01 -1.166407674048953291e+00 -1.222008705682463114e+00 -1.329142102750464627e+00 -2.301060278089843425e-01 -8.718244845050746594e-01 0.000000000000000000e+00
1.545388317897732788e+00 1.140840138180775121e+00 1.617488836706401090e+00 1.485270757127358454e+00 1.410385930186785375e+00 1.079535890803114073e+00 2.540939024039951200e+00 2.639951776066192135e+00 1.758032858757010652e+00 -6.360031075487839747e-01 0.000000000000000000e+00
1.737603845634665856e+00 2.544590887735811435e+00 1.925879098691491764e+00 2.090044894224897920e+00 9.979084589741460398e-01 8.242717366977901916e-01 1.749350552742900522e+00 1.729152176767999149e+00 -5.154698112119897591e-01 9.832674980878025606e-02 0.000000000000000000e+00
6.551269262740435639e-01 -3.739048566879165647e-01 6.027853940457831294e-01 6.758964144445819278e-01 -4.671504109996358345e-01 -8.349452649868160936e-01 -7.130293124031676644e-02 -1.251788824281656332e-01 -1.076789780762956728e+00 -8.106303297252774875e-01 0.000000000000000000e+00
-1.057951812153358206e+00 6.707468639111812125e-01 -9.351866866927606159e-01 -1.061700919753572281e+00 1.127762477689236764e+00 1.136684582020724088e+00 1.002079042073777543e-01 9.113602240515505937e-02 3.625725992587963686e-01 1.823703406526959503e+00 0.000000000000000000e+00
-2.317622631086463936e-01 1.526055460151692245e+00 -4.019699756475731967e-01 -2.860254344613054611e-01 -1.001843429238241656e+00 -1.618834812855031391e+00 -1.312381722822209662e+00 -1.160359552005518102e+00 -5.342850057220785986e-01 -1.316601511928964463e+00 0.000000000000000000e+00
