1.275737594734043245e+00 -1.022170374704753470e+00 1.105620341429888187e+00 1.140627469886589473e+00 -1.211068793069001837e+00 -3.303391426750685866e-01 -3.407195058810135735e-01 -5.453267280399783784e-02 1.715436209035988924e+00 -2.897336025401960891e-01 0.000000000000000000e+00
-1.378177252406853404e+00 -1.530764561634886611e+00 -1.314119679173586963e+00 -1.241564063574913668e+00 1.386928974131509174e+00 4.847673780831558421e-01 2.765461913413118089e-01 -2.164269925907147119e-01 3.091466694514358182e-01 1.395305348580125449e+00 1.000000000000000000e+00
-1.301207564264716066e+00 1.394243401802822829e-02 -1.181468524925003205e+00 -1.194757818346611211e+00 2.101505963145401168e+00 1.263408607123249094e+00 5.708415726575797322e-01 3.149265433629657163e-01 1.786166748009175853e+00 1.723844138876549081e+00 0.000000000000000000e+00
-4.453046321241487804e-01 -9.157204286030979912e-01 -4.450259099587283718e-01 -4.797992655025979380e-01 -4.675684497378791438e-01 -1.094023752063918997e-01 -7.325096648025678503e-01 -5.502946559641006541e-01 -3.274281813072528746e-01 -1.846011896453408907e-01 0.000000000000000000e+00
-7.839712599495530787e-01 -3.858362524526344761e-01 -8.502980570768150503e-01 -7.439397722003286972e-01 -3.340106077436168497e-01 -1.336352190663508743e+00 -1.118715757514531450e+00 -9.745585640432988805e-01 -1.392546885844666571e+00 -4.182287738561303869e-01 0.000000000000000000e+00
1.211083056694647553e+00 3.025400656714055669e-01 1.091897808231758304e+00 1.225480896908658357e+00 -7.074621531925433526e-01 -6.885570083767094118e-01 -5.791742251013739518e-01 8.783353837031360190e-02 -6.311534368979996312e-01 -1.358579800304559937e+00 1.000000000000000000e+00
-8.147591352064079695e-01 -5.465864235859412001e-02 -7.281675116134638248e-01 -8.526069029350428208e-01 2.385016703591804899e-01 1.126127508890284457e+00 -8.415430165657529493e-02 1.353939319263339769e-01 1.378425993928448223e+00 1.044863972263940566e+00 0.000000000000000000e+00
1.057983349735550221e-01 -1.587537866222435978e+00 7.643035157018714110e-02 -3.251470517365534756e-03 -3.510243455772802945e-01 -3.989796917915507946e-01 -7.444324007635858553e-01 -1.260307478849019280e-01 -7.559720350859778781e-01 -8.676963875707202623e-02 0.000000000000000000e+00
6.291922143400888734e-01 1.113925210401803145e+00 6.664992790897493746e-01 5.630767246718622054e-01 -7.304306992679904242e-01 8.065199520666651578e-01 2.659817417555995211e-01 -2.394197656343537983e-01 -2.816613619716613059e-01 7.676967019048033802e-02 0.000000000000000000e+00
-9.163591235540292645e-01 -9.713109560117814262e-03 -9.010714299098936397e-01 -8.849059493498947493e-01 -3.714408309776775496e-01 -5.255357042250645705e-01 -2.441302525259310130e-01 -8.677839056625650249e-01 -1.485215239044843094e-01 -1.218137763886911196e-01 0.000000000000000000e+00
-1.165740913134554413e+00 -4.283087056952193661e-02 -1.241847670996771846e+00 -1.076510461980372924e+00 -1.784431758063482087e+00 -1.587104696654657143e+00 -1.765410992868483575e+00 -1.991280089863382008e+00 -5.687441378040105633e-01 -9.073865282974716839e-01 0.000000000000000000e+00
-1.215001513545522327e+00 -3.503529370854154279e-01 -1.189702044843881090e+00 -1.125232752334980324e+00 1.279123744403641294e-01 1.994800958177772032e-01 -7.486581805978707038e-01 -6.914009891634179672e-01 2.217736507198503626e-01 8.375194912768659794e-01 0.000000000000000000e+00
-1.248868176328062685e+00 -7.335727430513760972e-01 -1.250996026462191546e+00 -1.154247149961881380e+00 1.123216037709714898e+00 -2.402484219596859871e-01 -3.844865113075354168e-01 -3.191070475527181260e-01 8.625091214181378474e-01 8.302186292702775638e-01 0.000000000000000000e+00
-7.747348973724962340e-01 -4.046531621170699339e-02 -8.132472174418656774e-01 -8.194866943232029799e-01 9.445717904562412892e-01 4.718387746558277973e-02 -2.833696367014332251e-01 -7.248593394766104925e-02 4.422865075186116490e-01 8.024753536452469138e-01 0.000000000000000000e+00
-7.531833846926982989e-01 5.154399578747174138e-01 -7.286249293867343990e-01 -7.882825308376679718e-01 1.242312202545363453e+00 2.917158336930499307e-01 -3.226090208769354928e-01 2.128764273884589664e-01 1.344006319882660727e-01 6.506174239082335164e-01 0.000000000000000000e+00
7.153982650592830561e-01 -1.483453474478594991e+00 6.710734568224588914e-01 5.466534807321069556e-01 4.511733932799820712e-01 8.665804325435868538e-01 1.314880664908451013e+00 1.136052013565244767e+00 2.892891651942582243e+00 7.937143192373415923e-01 0.000000000000000000e+00
1.091010343192913012e+00 2.528634241572993990e-01 1.101046163697178670e+00 1.039350798924765229e+00 5.985742310570809493e-02 3.689364514490920399e-01 2.357976000821365714e-01 5.659572298805020107e-01 -5.021742187704225646e-01 -8.285372186263302297e-01 1.000000000000000000e+00
-1.267340901482175930e+00 -1.466894593973892880e+00 -1.194733640349861847e+00 -1.166290862184368393e+00 3.164864577749408880e+00 9.051907414216079362e-01 8.907934743962911961e-01 3.930389778125878419e-01 1.790327367948663789e-02 2.166276376475733123e+00 0.000000000000000000e+00
2.227922609496034989e-01 -4.142229047464087710e-01 3.983692970850900156e-02 7.037940647920390425e-02 -1.580266904059512756e+00 -1.438884010906253730e+00 -1.134109669767997763e+00 -8.684138446500619946e-01 8.666697413577378883e-01 -1.728003417837871147e+00 1.000000000000000000e+00
5.460649511465807127e-01 -6.744338841060117939e-01 4.606612811178091293e-01 4.973837489128411504e-01 -1.737643979020905061e+00 -1.158744769824611165e+00 -8.355885086174451581e-01 -8.586497903438592427e-01 1.052762924110709347e-01 -1.700260142212840497e+00 1.000000000000000000e+00
9.432285419600091592e-01 -6.412085978985303247e-02 8.906339879925290193e-01 9.161764693766006884e-01 -8.520789247786889620e-01 -2.960188681168277602e-01 6.374799254339516552e-02 8.909341634530790199e-02 1.811130467646772102e+00 -8.372982530342354401e-01 1.000000000000000000e+00
-3.437046437765274298e-01 -8.778715588780647838e-01 -3.764132439680816233e-01 -3.922086311572364203e-01 -4.582108939293639827e-01 -4.418800349893520774e-01 -8.090264639447974915e-01 -7.591194303193407045e-01 -2.483764024548673621e-01 5.778742897335392009e-02 0.000000000000000000e+00
8.200770409325898180e-01 -1.152275864384554982e+00 7.717053669420735895e-01 7.464696153324628103e-01 -1.783349065655892018e-01 -4.483150864690221837e-01 2.601781545156594752e-02 8.998248932538873701e-01 -7.934176145423718074e-01 -8.968998355970779490e-02 0.000000000000000000e+00
-1.374258795555987900e-01 -7.004549820419719852e-01 -1.842977791942705945e-01 -1.915713343598929030e-01 -1.186398873210187777e+00 -9.112097895732980124e-01 -9.637201900212970518e-01 -5.597437407765547546e-01 -1.152365643876903656e-01 -9.847756655672962323e-01 0.000000000000000000e+00
-5.438258329460841090e-01 -2.335053043291840158e+00 -4.953418650185357208e-01 -6.005101084597992411e-01 1.965396060476088946e+00 4.547371378446946610e-01 8.319343981330373783e-01 8.242322147542530120e-01 1.884886912030564188e-01 1.256588970454969978e+00 0.000000000000000000e+00
-4.699349323296327929e-01 -3.432562740119722844e-01 -5.548061755437627696e-01 -5.192150509580105711e-01 -5.636960684980818481e-01 -9.933639467970875048e-01 -1.239754165625119420e+00 -9.966064286056922628e-01 -1.259407047777489463e+00 -9.628730795475349824e-01 0.000000000000000000e+00
-9.255954861310855541e-01 3.214645005339225592e-01 -8.672225146878408397e-01 -9.481354385179526778e-01 4.171459176126540713e-01 2.295161861030369010e+00 7.549648368657060349e-01 -5.465150220391186142e-01 1.927627825955551488e+00 1.947250516278117516e+00 0.000000000000000000e+00
-1.064140924786933118e+00 1.251234888353127683e-01 -1.038296761891187137e+00 -1.005616792307096219e+00 1.480504532216660785e+00 -1.630278042036435449e-01 -1.445225850035016246e-01 -5.754922154639786624e-01 -3.607131408240468184e-01 9.762358694020213390e-01 0.000000000000000000e+00
1.866864799665657548e+00 1.161236297558095210e+00 2.084494376229781842e+00 1.994636154753864021e+00 9.785992661235692891e-01 1.589451215426538555e+00 3.082162159889730191e+00 2.471522667058787093e+00 1.162073757069285840e+00 3.004415334832222922e-02 0.000000000000000000e+00
6.599800895969443193e-01 5.367299470950485096e-01 7.579828337439450392e-01 5.959232125513728162e-01 -3.348612946352997333e-01 6.134684076765591909e-01 7.247806951922426411e-01 6.887953324424075374e-01 8.292241619013439591e-01 5.486708417071917143e-02 0.000000000000000000e+00
-1.036431837055763694e+00 -1.142813646953297013e+00 -1.023201975373244865e+00 -1.032988865540021672e+00 3.093406878831795790e-04 3.732264857688722959e-01 -7.405084623460356230e-01 -8.665240276875711967e-01 7.709754827469547100e-01 1.033182593053401543e+00 0.000000000000000000e+00
-2.728925306857609145e-01 -2.249785561212437612e-01 -1.797236014615604394e-01 -3.462235481259217651e-01 4.284368527204349825e-02 5.276677212809571804e-01 4.350129351269945155e-01 3.082406000183953235e-02 2.508979902970455145e-01 5.907503554542175017e-01 0.000000000000000000e+00
1.010961867525090874e+00 1.430909494348955535e+00 9.638208317158852845e-01 9.928182744287920025e-01 -9.362969270553255230e-01 -5.770161160624260877e-01 1.105334121372636563e-01 -4.137553804241400450e-03 -1.966712437509364975e+00 -9.000856662908852668e-01 0.000000000000000000e+00
6.692164521740000538e-01 4.113555661308760381e-01 7.213894118822662405e-01 5.439162734088144324e-01 8.816209604715479278e-03 4.611721893243647674e-01 8.575909185554814185e-01 1.678357897824267475e-01 2.384161304782479174e-01 -3.043353265533709218e-01 0.000000000000000000e+00
-1.005643961798908359e+00 -1.114426994659521775e+00 -1.001703340029508338e+00 -9.686644934426467124e-01 5.957901648661276806e-01 -1.372875982849626475e-01 -7.574115816831750170e-01 -9.786531674620290167e-01 -5.282726529370124907e-02 -1.145129143821037171e-01 0.000000000000000000e+00
-4.822500824323744939e-01 3.403889353964387188e-01 -1.431301795998823068e-01 -5.003283204272920281e-01 7.063794607849439577e-01 3.798818890113304647e+00 2.558467301855141152e+00 1.706146797249987745e+00 2.389456639251070325e+00 2.767867405818516868e+00 0.000000000000000000e+00
1.959228425436082555e-02 8.727461911027961650e-02 4.898528517392870124e-02 -2.323308397740131079e-02 -1.072406829724638744e+00 -1.501577012443033876e-01 -7.712962868529682492e-01 -2.665071420967227711e-01 7.792967226261523495e-01 -1.086987733659516620e+00 1.000000000000000000e+00
1.078695193090171367e+00 2.213907986785578874e+00 1.023285142241111556e+00 1.266539006758046648e+00 -6.725839906335324692e-01 -4.290099320300116426e-01 -1.716883125096189955e-01 9.224311128279231997e-02 -6.311534368979996312e-01 -7.803515293828552357e-01 0.000000000000000000e+00
5.953255515575486267e-01 1.144677417053393320e+00 5.887382576336829265e-01 4.973837489128411504e-01 -5.073187281310943819e-02 2.359453875359084352e-01 6.644124118453158534e-01 4.128820559187420525e-01 -7.779098493129643632e-02 1.690260173646532596e-02 0.000000000000000000e+00
-1.682977217449717511e+00 -8.565815696577336880e-01 -1.753240741513725887e+00 -1.437548107922659746e+00 -2.480912316836121900e-01 -1.612201397425370830e+00 -1.829552293924593398e+00 -1.523865361140642527e+00 -1.255246427837890755e+00 1.147341526247331739e-01 0.000000000000000000e+00
3.059195241431117429e-01 -6.838961015372698737e-01 2.456749276804492399e-01 1.935537360273685004e-01 -4.369437216372837884e-01 -4.847803781871534157e-01 -5.293703913401595074e-01 -1.269756563661474102e-01 -4.730498791932274405e-01 -7.949532533960289582e-01 0.000000000000000000e+00
-2.944440433655595157e-01 -2.486340996993889607e-01 -2.940780447793049923e-01 -3.902925860309315320e-01 1.216791595794867842e+00 -5.148691188936060925e-02 -4.166326221897429828e-03 4.247793127053303003e-02 1.135975322902697121e-01 1.001324286115604090e-01 1.000000000000000000e+00
1.934598125230739152e+00 5.935032516825978766e-01 1.910675622386809769e+00 2.164343008798002010e+00 3.661047041116614609e-01 -1.287075296454027462e-01 1.248475553226831902e+00 1.810086730186985182e+00 -5.146560785892202450e-01 -1.025660492804184809e+00 1.000000000000000000e+00
2.618088955932918793e+00 -1.017439265989124486e+00 2.784343569334378099e+00 2.884228534823941370e+00 1.046654217458226510e+00 2.187911003035866386e+00 2.848235061920389111e+00 3.394383283741824187e+00 1.468824918070636698e-01 -1.276544659939606308e-01 1.000000000000000000e+00
9.155194542288398463e-01 1.199085167283127529e+00 9.318015875869160025e-01 7.601556519489255370e-01 -3.016845058596546170e-01 6.992690940721618675e-01 2.418344284168290059e-01 1.353380964251694074e+00 -1.901277233004770584e-01 -2.751318785270223666e-01 0.000000000000000000e+00
-1.892334769196331035e+00 -6.933583189685288417e-01 -1.831001762969792335e+00 -1.627784016891491881e+00 1.616614434885974116e+00 1.739602416618843073e+00 3.142763684331410512e-01 -6.255723649699862499e-01 1.145431277310888341e+00 2.543000856015631861e+00 0.000000000000000000e+00
1.349628495350494672e+00 1.227579344774986786e-01 1.421238604986863496e+00 1.233692518878536148e+00 1.199777857961203287e+00 1.595886266906208606e+00 2.006097509230762466e+00 2.288840360684670561e+00 1.003970199364513594e+00 5.805291486449953853e-01 0.000000000000000000e+00
-5.315106828433424635e-01 -1.611085884602504736e-01 -4.770451540876963215e-01 -4.193069836578325882e-01 7.999550188700969011e-01 4.890574124029354874e-01 6.223878545972216791e-02 4.027314481429367099e-02 6.836024640153692822e-01 9.572536281848960105e-01 1.000000000000000000e+00
4.906467756842418648e-01 4.942574938524645078e-02 4.743838143159383458e-01 4.207419438606498363e-01 -6.774561064677285527e-02 9.866428930294399158e-02 1.709016954841899860e-01 1.231101216701433326e-01 9.279443259227333762e-02 -1.115925695794689615e-01 0.000000000000000000e+00
2.474225611550880388e-01 -1.161738081815813173e+00 1.907847948879317079e-01 9.227706506554426980e-02 -1.116642548092166010e+00 -2.381034047997958591e-01 -5.897386746870861840e-01 -6.611639177635643128e-01 -8.350238139383645564e-01 -6.255732548432071383e-01 0.000000000000000000e+00
7.277134151620248126e-01 7.661887198030615798e-01 6.573509236243296749e-01 6.424557370473460427e-01 5.135055418887579659e-02 -7.634181072568724247e-01 2.629633275882535259e-01 2.235853901759074225e-01 -1.072179150495522260e+00 -1.193580318955689723e+00 1.000000000000000000e+00
6.815316022767428095e-01 -6.957238733263430008e-01 6.756476345551684082e-01 5.767627612883249322e-01 5.362420824483027371e-01 2.252203017364581283e-01 1.169996784875827034e+00 1.129752623690275515e+00 -4.064799601596395529e-01 -1.364155004018648976e-01 1.000000000000000000e+00
3.890467873366199592e-01 -1.003245939842237311e+00 3.646035487309033374e-01 3.057792362823628651e-01 -1.187868241477654796e-01 -5.577694620914026152e-02 1.545336586585410038e-02 2.613817294257244073e-01 -3.690343807032456236e-01 7.134048371648832321e-01 0.000000000000000000e+00
2.159349614605779344e+00 -7.146483081888599376e-01 2.116513620358750014e+00 2.706310058809926034e+00 -1.124298730117314182e+00 -4.440250521492419278e-01 3.716262376127213440e-01 7.423401463796488464e-01 -1.371743786146670141e+00 -1.508977557640256428e+00 1.000000000000000000e+00
3.336286118742811668e-01 -2.793863063509789968e-01 3.417326600673544212e-01 2.619839191096821618e-01 3.575978351948303491e-01 -2.037831302415550327e-01 1.331715183923611878e-01 3.457935537503162848e-01 -2.525370223944661818e-01 -3.904854982310997369e-01 0.000000000000000000e+00
3.767316372338782582e-01 2.277777954446572384e+00 3.417326600673544212e-01 2.592467117863895831e-01 -3.152954961265853617e-01 -5.040855326261639568e-01 -3.105353642075501797e-01 -2.709167150092015031e-01 -2.733401220924625563e-01 -8.986254938895673616e-01 0.000000000000000000e+00
1.334234557722066894e+00 1.487790324134588282e-01 1.311458339401828432e+00 1.430771446155599369e+00 7.148863297017762353e-01 -3.946896574717705386e-01 1.446181681188016821e+00 1.743943136499805258e+00 -8.100600943007681964e-01 -8.548203218500439737e-01 0.000000000000000000e+00
-1.036431837055763694e+00 4.894188599387564453e-01 -1.085410792538098024e+00 -9.867300617763776760e-01 3.490909662779980160e-01 -1.096539272187799341e+00 -1.077061642005151976e+00 -8.586497903438592427e-01 -2.029121736603354265e+00 -1.057784285633168064e+00 0.000000000000000000e+00
9.348318487081330730e-02 8.324242418218698036e-01 3.068857424308930881e-02 2.822641370049874809e-02 -8.350651869450242959e-01 -9.127113015852210687e-01 -5.671005684319886386e-01 -5.077737743080561472e-01 -2.066567316059748194e+00 -9.424306659290907495e-01 1.000000000000000000e+00
-5.007228075864875727e-01 1.189622949851869560e+00 -6.165575749353452428e-01 -5.372806192917414236e-01 -2.020072027059729436e+00 -1.756775554001961170e+00 -1.664595959679116000e+00 -1.725130867645919164e+00 -1.417510605482261710e+00 -1.187739629350420323e+00 0.000000000000000000e+00
-4.822500824323744939e-01 6.502765562701480206e-01 -5.182127536820846370e-01 -5.068976180031941059e-01 -1.168534448484841448e+00 -1.007950063484339909e+00 -8.035933184435740673e-01 -1.281023881460566782e+00 3.091466694514358182e-01 -8.504398046460923677e-01 0.000000000000000000e+00
-1.107243950146529654e+00 6.952220890686243715e-01 -1.083123703671742488e+00 -1.059539776575959102e+00 2.470085392760127951e-01 -6.650203200859058916e-02 -4.825849717462913913e-01 -6.142334631950411294e-01 -5.396197982268153837e-01 1.240527074040478350e+00 0.000000000000000000e+00
-1.445910577971934563e+00 2.180790225776175095e+00 -1.505777726174126752e+00 -1.273863109989765707e+00 -8.571830461287873737e-01 -1.535624284817295626e+00 -1.306461118723473369e+00 -1.390633265285036835e+00 3.008254295722370131e-01 5.046001837764897413e-01 0.000000000000000000e+00
6.137982767116612060e-01 1.281879569806637864e+00 7.076668786841376901e-01 4.864349196196709468e-01 5.447489513651350146e-01 9.309309473402888058e-01 9.919103490023931657e-01 8.840764185664635733e-01 1.374265373988666980e-02 2.636717375591127732e-01 0.000000000000000000e+00
-5.499834079974555978e-01 2.228101312932466271e+00 -5.639545310091824692e-01 -5.909298828282754101e-01 -7.321320730513561914e-01 -6.027563219811067352e-01 -1.596146558402333215e-01 -5.836814223014389347e-01 -7.726145148443753774e-01 -1.510172244150396748e-01 0.000000000000000000e+00
-1.620561797610833021e-01 1.506607233799021950e+00 -1.385560018671727900e-01 -1.940348209508561406e-01 -1.160027579568009282e+00 -4.547501379486922346e-01 -7.074568272135932645e-01 -1.059600327355387783e+00 -1.277184242064879627e-01 -2.532292925072601730e-01 0.000000000000000000e+00
