   4.7021521e-01
   4.1013453e-01
   3.7499233e-01
   3.5115345e-01
   3.3359800e-01
   3.1985616e-01
   3.0858634e-01
   2.9900822e-01
   2.9064222e-01
   2.8317977e-01
   2.7641459e-01
   2.7020406e-01
   2.6444669e-01
   2.5906829e-01
   2.5401329e-01
   2.4923914e-01
   2.4471253e-01
   2.4040689e-01
   2.3630064e-01
   2.3237594e-01
   2.2861783e-01
   2.2501357e-01
   2.2155220e-01
   2.1822413e-01
   2.1502094e-01
   2.1193514e-01
   2.0896000e-01
   2.0608946e-01
   2.0331799e-01
   2.0064055e-01
   1.9805251e-01
   1.9554957e-01
   1.9312778e-01
   1.9078345e-01
   1.8851311e-01
   1.8631356e-01
   1.8418175e-01
   1.8211486e-01
   1.8011018e-01
   1.7816520e-01
   1.7627751e-01
   1.7444486e-01
   1.7266508e-01
   1.7093614e-01
   1.6925609e-01
   1.6762310e-01
   1.6603540e-01
   1.6449131e-01
   1.6298925e-01
   1.6152767e-01
   1.6010514e-01
   1.5872025e-01
   1.5737168e-01
   1.5605815e-01
   1.5477845e-01
   1.5353140e-01
   1.5231590e-01
   1.5113086e-01
   1.4997527e-01
   1.4884814e-01
   1.4774852e-01
   1.4667551e-01
   1.4562824e-01
   1.4460588e-01
   1.4360762e-01
   1.4263269e-01
   1.4168036e-01
   1.4074991e-01
   1.3984065e-01
   1.3895193e-01
   1.3808312e-01
   1.3723361e-01
   1.3640280e-01
   1.3559015e-01
   1.3479509e-01
   1.3401712e-01
   1.3325572e-01
   1.3251041e-01
   1.3178072e-01
   1.3106621e-01
   1.3036643e-01
   1.2968096e-01
   1.2900941e-01
   1.2835137e-01
   1.2770649e-01
   1.2707438e-01
   1.2645470e-01
   1.2584711e-01
   1.2525128e-01
   1.2466689e-01
   1.2409365e-01
   1.2353125e-01
   1.2297941e-01
   1.2243785e-01
   1.2190630e-01
   1.2138451e-01
   1.2087223e-01
   1.2036921e-01
   1.1987522e-01
   1.1939004e-01
   1.1891344e-01
   1.1844521e-01
   1.1798514e-01
   1.1753305e-01
   1.1708872e-01
   1.1665198e-01
   1.1622265e-01
   1.1580054e-01
   1.1538549e-01
   1.1497733e-01
   1.1457590e-01
   1.1418105e-01
   1.1379262e-01
   1.1341046e-01
   1.1303444e-01
   1.1266442e-01
   1.1230026e-01
   1.1194183e-01
   1.1158900e-01
   1.1124165e-01
   1.1089967e-01
   1.1056293e-01
   1.1023132e-01
   1.0990473e-01
   1.0958306e-01
   1.0926620e-01
   1.0895404e-01
   1.0864650e-01
   1.0834347e-01
   1.0804486e-01
   1.0775059e-01
   1.0746055e-01
   1.0717467e-01
   1.0689287e-01
   1.0661505e-01
   1.0634115e-01
   1.0607108e-01
   1.0580476e-01
   1.0554213e-01
   1.0528312e-01
   1.0502764e-01
   1.0477564e-01
   1.0452705e-01
   1.0428180e-01
   1.0403983e-01
   1.0380108e-01
   1.0356549e-01
   1.0333299e-01
   1.0310354e-01
   1.0287708e-01
   1.0265354e-01
   1.0243288e-01
   1.0221505e-01
   1.0199999e-01
   1.0178766e-01
   1.0157800e-01
   1.0137097e-01
   1.0116653e-01
   1.0096462e-01
   1.0076520e-01
   1.0056824e-01
   1.0037368e-01
   1.0018149e-01
   9.9991622e-02
   9.9804043e-02
   9.9618710e-02
   9.9435587e-02
   9.9254637e-02
   9.9075824e-02
   9.8899111e-02
   9.8724465e-02
   9.8551852e-02
   9.8381237e-02
   9.8212590e-02
   9.8045877e-02
   9.7881068e-02
   9.7718133e-02
   9.7557041e-02
   9.7397764e-02
   9.7240272e-02
   9.7084537e-02
   9.6930533e-02
   9.6778231e-02
   9.6627607e-02
   9.6478633e-02
   9.6331285e-02
   9.6185537e-02
   9.6041366e-02
   9.5898747e-02
   9.5757657e-02
   9.5618074e-02
   9.5479974e-02
   9.5343335e-02
   9.5208137e-02
   9.5074357e-02
   9.4941975e-02
   9.4810971e-02
   9.4681324e-02
   9.4553014e-02
   9.4426024e-02
   9.4300332e-02
   9.4175922e-02
   9.4052774e-02
   9.3930872e-02
   9.3810196e-02
   9.3690731e-02
   9.3572458e-02
   9.3455362e-02
   9.3339426e-02
   9.3224635e-02
   9.3110971e-02
   9.2998420e-02
   9.2886968e-02
   9.2776597e-02
   9.2667295e-02
   9.2559047e-02
   9.2451838e-02
   9.2345655e-02
   9.2240484e-02
   9.2136311e-02
   9.2033124e-02
   9.1930909e-02
   9.1829653e-02
   9.1729345e-02
   9.1629971e-02
   9.1531521e-02
   9.1433980e-02
   9.1337339e-02
   9.1241585e-02
   9.1146708e-02
   9.1052695e-02
   9.0959537e-02
   9.0867222e-02
   9.0775739e-02
   9.0685079e-02
   9.0595230e-02
   9.0506184e-02
   9.0417930e-02
   9.0330457e-02
   9.0243758e-02
   9.0157821e-02
   9.0072638e-02
   8.9988200e-02
   8.9904498e-02
   8.9821522e-02
   8.9739264e-02
   8.9657716e-02
   8.9576868e-02
   8.9496713e-02
   8.9417243e-02
   8.9338448e-02
   8.9260322e-02
   8.9182856e-02
   8.9106043e-02
   8.9029876e-02
   8.8954346e-02
   8.8879446e-02
   8.8805169e-02
   8.8731508e-02
   8.8658455e-02
   8.8586005e-02
   8.8514149e-02
   8.8442882e-02
   8.8372196e-02
   8.8302085e-02
   8.8232543e-02
   8.8163563e-02
   8.8095139e-02
   8.8027265e-02
   8.7959934e-02
   8.7893141e-02
   8.7826880e-02
   8.7761144e-02
   8.7695929e-02
   8.7631228e-02
   8.7567037e-02
   8.7503348e-02
   8.7440158e-02
   8.7377460e-02
   8.7315249e-02
   8.7253521e-02
   8.7192269e-02
   8.7131490e-02
   8.7071177e-02
   8.7011326e-02
   8.6951932e-02
   8.6892991e-02
   8.6834497e-02
   8.6776446e-02
   8.6718834e-02
   8.6661655e-02
   8.6604906e-02
   8.6548581e-02
   8.6492677e-02
   8.6437189e-02
   8.6382113e-02
   8.6327444e-02
   8.6273179e-02
   8.6219314e-02
   8.6165845e-02
   8.6112766e-02
   8.6060076e-02
   8.6007769e-02
   8.5955842e-02
   8.5904291e-02
   8.5853112e-02
   8.5802302e-02
   8.5751858e-02
   8.5701774e-02
   8.5652049e-02
   8.5602678e-02
   8.5553658e-02
   8.5504986e-02
   8.5456658e-02
   8.5408670e-02
   8.5361021e-02
   8.5313705e-02
   8.5266721e-02
   8.5220065e-02
   8.5173734e-02
   8.5127725e-02
   8.5082034e-02
   8.5036659e-02
   8.4991597e-02
   8.4946844e-02
   8.4902399e-02
   8.4858257e-02
   8.4814417e-02
   8.4770875e-02
   8.4727629e-02
   8.4684676e-02
   8.4642013e-02
   8.4599637e-02
   8.4557547e-02
   8.4515739e-02
   8.4474210e-02
   8.4432959e-02
   8.4391982e-02
   8.4351278e-02
   8.4310843e-02
   8.4270676e-02
   8.4230773e-02
   8.4191133e-02
   8.4151754e-02
   8.4112632e-02
   8.4073766e-02
   8.4035153e-02
   8.3996791e-02
   8.3958678e-02
   8.3920812e-02
   8.3883190e-02
   8.3845811e-02
   8.3808672e-02
   8.3771771e-02
   8.3735106e-02
   8.3698675e-02
   8.3662476e-02
   8.3626508e-02
   8.3590767e-02
   8.3555253e-02
   8.3519963e-02
   8.3484894e-02
   8.3450047e-02
   8.3415418e-02
   8.3381005e-02
   8.3346808e-02
   8.3312823e-02
   8.3279049e-02
   8.3245485e-02
   8.3212129e-02
   8.3178979e-02
   8.3146033e-02
   8.3113289e-02
   8.3080746e-02
   8.3048403e-02
   8.3016257e-02
   8.2984307e-02
   8.2952552e-02
   8.2920989e-02
   8.2889617e-02
   8.2858435e-02
   8.2827441e-02
   8.2796633e-02
   8.2766011e-02
   8.2735572e-02
   8.2705315e-02
   8.2675239e-02
   8.2645342e-02
   8.2615622e-02
   8.2586079e-02
   8.2556711e-02
   8.2527516e-02
   8.2498494e-02
   8.2469642e-02
   8.2440959e-02
   8.2412445e-02
   8.2384098e-02
   8.2355915e-02
   8.2327897e-02
   8.2300042e-02
