   7.0703903e-01
   6.9927938e-01
   6.9187961e-01
   6.8477209e-01
   6.7790237e-01
   6.7122652e-01
   6.6470887e-01
   6.5832019e-01
   6.5203628e-01
   6.4583688e-01
   6.3970488e-01
   6.3362583e-01
   6.2758763e-01
   6.2158038e-01
   6.1559641e-01
   6.0963033e-01
   6.0367924e-01
   5.9774286e-01
   5.9182378e-01
   5.8592756e-01
   5.8006279e-01
   5.7424095e-01
   5.6847608e-01
   5.6278423e-01
   5.5718269e-01
   5.5168921e-01
   5.4632124e-01
   5.4109537e-01
   5.3602685e-01
   5.3112935e-01
   5.2641473e-01
   5.2189281e-01
   5.1757117e-01
   5.1345498e-01
   5.0954688e-01
   5.0584707e-01
   5.0235348e-01
   4.9906201e-01
   4.9596686e-01
   4.9306087e-01
   4.9033581e-01
   4.8778274e-01
   4.8539225e-01
   4.8315471e-01
   4.8106054e-01
   4.7910035e-01
   4.7726516e-01
   4.7554643e-01
   4.7393616e-01
   4.7242689e-01
   4.7101165e-01
   4.6968392e-01
   4.6843756e-01
   4.6726685e-01
   4.6616649e-01
   4.6513173e-01
   4.6415834e-01
   4.6324257e-01
   4.6238094e-01
   4.6156998e-01
   4.6080597e-01
   4.6008483e-01
   4.5940215e-01
   4.5875335e-01
   4.5813385e-01
   4.5753927e-01
   4.5696554e-01
   4.5640904e-01
   4.5586668e-01
   4.5533593e-01
   4.5481492e-01
   4.5430245e-01
   4.5379800e-01
   4.5330171e-01
   4.5281425e-01
   4.5233663e-01
   4.5187000e-01
   4.5141537e-01
   4.5097347e-01
   4.5054460e-01
   4.5012861e-01
   4.4972496e-01
   4.4933281e-01
   4.4895108e-01
   4.4857857e-01
   4.4821402e-01
   4.4785617e-01
   4.4750377e-01
   4.4715564e-01
   4.4681068e-01
   4.4646784e-01
   4.4612617e-01
   4.4578477e-01
   4.4544284e-01
   4.4509965e-01
   4.4475453e-01
   4.4440689e-01
   4.4405621e-01
   4.4370203e-01
   4.4334392e-01
   4.4298156e-01
   4.4261465e-01
   4.4224294e-01
   4.4186625e-01
   4.4148443e-01
   4.4109737e-01
   4.4070502e-01
   4.4030735e-01
   4.3990435e-01
   4.3949608e-01
   4.3908258e-01
   4.3866394e-01
   4.3824027e-01
   4.3781167e-01
   4.3737827e-01
   4.3694020e-01
   4.3649760e-01
   4.3605060e-01
   4.3559935e-01
   4.3514397e-01
   4.3468459e-01
   4.3422134e-01
   4.3375433e-01
   4.3328367e-01
   4.3280947e-01
   4.3233183e-01
   4.3185085e-01
   4.3136662e-01
   4.3087922e-01
   4.3038875e-01
   4.2989530e-01
   4.2939895e-01
   4.2889978e-01
   4.2839787e-01
   4.2789330e-01
   4.2738615e-01
   4.2687648e-01
   4.2636433e-01
   4.2584976e-01
   4.2533280e-01
   4.2481345e-01
   4.2429172e-01
   4.2376761e-01
   4.2324107e-01
   4.2271208e-01
   4.2218058e-01
   4.2164650e-01
   4.2110979e-01
   4.2057035e-01
   4.2002810e-01
   4.1948295e-01
   4.1893480e-01
   4.1838355e-01
   4.1782909e-01
   4.1727131e-01
   4.1671011e-01
   4.1614538e-01
   4.1557701e-01
   4.1500490e-01
   4.1442893e-01
   4.1384900e-01
   4.1326503e-01
   4.1267692e-01
   4.1208458e-01
   4.1148796e-01
   4.1088700e-01
   4.1028166e-01
   4.0967193e-01
   4.0905781e-01
   4.0843935e-01
   4.0781662e-01
   4.0718973e-01
   4.0655883e-01
   4.0592413e-01
   4.0528588e-01
   4.0464438e-01
   4.0399998e-01
   4.0335310e-01
   4.0270420e-01
   4.0205378e-01
   4.0140239e-01
   4.0075061e-01
   4.0009906e-01
   3.9944836e-01
   3.9879915e-01
   3.9815207e-01
   3.9750774e-01
   3.9686676e-01
   3.9622969e-01
   3.9559707e-01
   3.9496937e-01
   3.9434704e-01
   3.9373046e-01
   3.9311993e-01
   3.9251574e-01
   3.9191808e-01
   3.9132712e-01
   3.9074295e-01
   3.9016563e-01
   3.8959519e-01
