   7.3179532e-01
   7.2197835e-01
   7.1270393e-01
   7.0392844e-01
   6.9561171e-01
   6.8771683e-01
   6.8020995e-01
   6.7305989e-01
   6.6623787e-01
   6.5971718e-01
   6.5347292e-01
   6.4748186e-01
   6.4172225e-01
   6.3617372e-01
   6.3081723e-01
   6.2563500e-01
   6.2061051e-01
   6.1572847e-01
   6.1097481e-01
   6.0633668e-01
   6.0180244e-01
   5.9736166e-01
   5.9300507e-01
   5.8872459e-01
   5.8451328e-01
   5.8036532e-01
   5.7627594e-01
   5.7224144e-01
   5.6825907e-01
   5.6432702e-01
   5.6044436e-01
   5.5661099e-01
   5.5282764e-01
   5.4909587e-01
   5.4541814e-01
   5.4179783e-01
   5.3823935e-01
   5.3474807e-01
   5.3133027e-01
   5.2799287e-01
   5.2474305e-01
   5.2158778e-01
   5.1853339e-01
   5.1558523e-01
   5.1274749e-01
   5.1002316e-01
   5.0741403e-01
   5.0492088e-01
   5.0254353e-01
   5.0028102e-01
   4.9813169e-01
   4.9609329e-01
   4.9416307e-01
   4.9233786e-01
   4.9061409e-01
   4.8898791e-01
   4.8745520e-01
   4.8601163e-01
   4.8465272e-01
   4.8337385e-01
   4.8217032e-01
   4.8103739e-01
   4.7997030e-01
   4.7896427e-01
   4.7801461e-01
   4.7711666e-01
   4.7626588e-01
   4.7545786e-01
   4.7468835e-01
   4.7395330e-01
   4.7324890e-01
   4.7257164e-01
   4.7191834e-01
   4.7128619e-01
   4.7067283e-01
   4.7007638e-01
   4.6949545e-01
   4.6892917e-01
   4.6837719e-01
   4.6783968e-01
   4.6731739e-01
   4.6681173e-01
   4.6632496e-01
   4.6586014e-01
   4.6542091e-01
   4.6501085e-01
   4.6463261e-01
   4.6428730e-01
   4.6397431e-01
   4.6369157e-01
   4.6343609e-01
   4.6320446e-01
   4.6299322e-01
   4.6279908e-01
   4.6261905e-01
   4.6245048e-01
   4.6229103e-01
   4.6213865e-01
   4.6199160e-01
   4.6184835e-01
   4.6170761e-01
   4.6156825e-01
   4.6142932e-01
   4.6129001e-01
   4.6114962e-01
   4.6100757e-01
   4.6086337e-01
   4.6071659e-01
   4.6056690e-01
   4.6041400e-01
   4.6025767e-01
   4.6009771e-01
   4.5993397e-01
   4.5976634e-01
   4.5959473e-01
   4.5941908e-01
   4.5923935e-01
   4.5905552e-01
   4.5886758e-01
   4.5867555e-01
   4.5847944e-01
   4.5827930e-01
   4.5807515e-01
   4.5786705e-01
   4.5765506e-01
   4.5743925e-01
   4.5721967e-01
   4.5699642e-01
   4.5676957e-01
   4.5653921e-01
   4.5630542e-01
   4.5606831e-01
   4.5582795e-01
   4.5558446e-01
   4.5533791e-01
   4.5508840e-01
   4.5483602e-01
   4.5458086e-01
   4.5432300e-01
   4.5406253e-01
   4.5379951e-01
   4.5353403e-01
   4.5326616e-01
   4.5299596e-01
   4.5272350e-01
   4.5244884e-01
   4.5217204e-01
   4.5189317e-01
   4.5161227e-01
   4.5132940e-01
   4.5104462e-01
   4.5075797e-01
   4.5046951e-01
   4.5017929e-01
   4.4988735e-01
   4.4959374e-01
   4.4929851e-01
   4.4900171e-01
   4.4870338e-01
   4.4840357e-01
   4.4810232e-01
   4.4779968e-01
   4.4749571e-01
   4.4719044e-01
   4.4688391e-01
   4.4657619e-01
   4.4626731e-01
   4.4595732e-01
   4.4564627e-01
   4.4533421e-01
   4.4502117e-01
   4.4470722e-01
   4.4439239e-01
   4.4407673e-01
   4.4376029e-01
   4.4344311e-01
   4.4312525e-01
   4.4280674e-01
   4.4248764e-01
   4.4216799e-01
   4.4184783e-01
   4.4152720e-01
   4.4120616e-01
   4.4088475e-01
   4.4056301e-01
   4.4024098e-01
   4.3991870e-01
   4.3959622e-01
   4.3927358e-01
   4.3895081e-01
   4.3862797e-01
   4.3830507e-01
   4.3798218e-01
   4.3765932e-01
   4.3733653e-01
   4.3701385e-01
   4.3669131e-01
   4.3636894e-01
   4.3604680e-01
   4.3572489e-01
