   6.9849099e-01
   6.9289812e-01
   6.8748373e-01
   6.8185018e-01
   6.7567341e-01
   6.6869792e-01
   6.6074473e-01
   6.5172736e-01
   6.4166748e-01
   6.3070066e-01
   6.1906419e-01
   6.0706516e-01
   5.9503551e-01
   5.8328626e-01
   5.7207315e-01
   5.6157970e-01
   5.5191681e-01
   5.4313338e-01
   5.3523145e-01
   5.2818107e-01
   5.2193244e-01
   5.1642474e-01
   5.1159206e-01
   5.0736727e-01
   5.0368445e-01
   5.0048042e-01
   4.9769566e-01
   4.9527475e-01
   4.9316659e-01
   4.9132444e-01
   4.8970588e-01
   4.8827265e-01
   4.8699053e-01
   4.8582917e-01
   4.8476185e-01
   4.8376531e-01
   4.8281947e-01
   4.8190723e-01
   4.8101417e-01
   4.8012831e-01
   4.7923986e-01
   4.7834095e-01
   4.7742540e-01
   4.7648852e-01
   4.7552691e-01
   4.7453831e-01
   4.7352145e-01
   4.7247596e-01
   4.7140223e-01
   4.7030143e-01
   4.6917536e-01
   4.6802642e-01
   4.6685757e-01
   4.6567218e-01
   4.6447398e-01
   4.6326687e-01
   4.6205488e-01
   4.6084194e-01
   4.5963173e-01
   4.5842759e-01
   4.5723232e-01
   4.5604815e-01
   4.5487666e-01
   4.5371887e-01
   4.5257524e-01
   4.5144585e-01
   4.5033044e-01
   4.4922853e-01
   4.4813949e-01
   4.4706263e-01
   4.4599718e-01
   4.4494239e-01
   4.4389755e-01
   4.4286194e-01
   4.4183492e-01
   4.4081591e-01
   4.3980436e-01
   4.3879983e-01
   4.3780192e-01
   4.3681032e-01
   4.3582477e-01
   4.3484510e-01
   4.3387120e-01
   4.3290303e-01
   4.3194059e-01
   4.3098396e-01
   4.3003324e-01
   4.2908857e-01
   4.2815014e-01
   4.2721815e-01
   4.2629281e-01
   4.2537436e-01
   4.2446307e-01
   4.2355918e-01
   4.2266298e-01
   4.2177476e-01
   4.2089481e-01
   4.2002344e-01
   4.1916099e-01
   4.1830776e-01
   4.1746407e-01
   4.1663026e-01
   4.1580661e-01
   4.1499340e-01
   4.1419088e-01
   4.1339925e-01
   4.1261870e-01
   4.1184932e-01
   4.1109120e-01
   4.1034433e-01
   4.0960867e-01
   4.0888413e-01
   4.0817056e-01
   4.0746778e-01
   4.0677556e-01
   4.0609365e-01
   4.0542178e-01
   4.0475965e-01
   4.0410698e-01
   4.0346345e-01
   4.0282878e-01
   4.0220268e-01
   4.0158485e-01
   4.0097504e-01
   4.0037297e-01
   3.9977839e-01
   3.9919107e-01
   3.9861078e-01
   3.9803729e-01
   3.9747040e-01
   3.9690991e-01
   3.9635563e-01
   3.9580737e-01
   3.9526496e-01
   3.9472824e-01
   3.9419704e-01
   3.9367121e-01
   3.9315062e-01
   3.9263511e-01
   3.9212456e-01
   3.9161885e-01
   3.9111785e-01
   3.9062145e-01
   3.9012955e-01
   3.8964204e-01
   3.8915883e-01
   3.8867982e-01
   3.8820492e-01
   3.8773406e-01
   3.8726716e-01
   3.8680413e-01
   3.8634491e-01
   3.8588944e-01
   3.8543765e-01
   3.8498948e-01
   3.8454487e-01
   3.8410377e-01
   3.8366613e-01
   3.8323191e-01
   3.8280105e-01
   3.8237351e-01
   3.8194925e-01
   3.8152823e-01
   3.8111042e-01
   3.8069578e-01
   3.8028427e-01
   3.7987586e-01
   3.7947053e-01
   3.7906824e-01
   3.7866897e-01
   3.7827269e-01
   3.7787937e-01
   3.7748899e-01
   3.7710152e-01
   3.7671695e-01
   3.7633525e-01
   3.7595639e-01
   3.7558037e-01
   3.7520715e-01
   3.7483673e-01
   3.7446908e-01
   3.7410418e-01
   3.7374201e-01
   3.7338256e-01
   3.7302582e-01
   3.7267176e-01
   3.7232037e-01
   3.7197162e-01
   3.7162552e-01
   3.7128204e-01
   3.7094116e-01
   3.7060287e-01
   3.7026715e-01
   3.6993400e-01
   3.6960339e-01
   3.6927530e-01
   3.6894974e-01
   3.6862667e-01
   3.6830609e-01
   3.6798798e-01
