   6.9763816e-01
   6.9233836e-01
   6.8718153e-01
   6.8199538e-01
   6.7663400e-01
   6.7097448e-01
   6.6491633e-01
   6.5838303e-01
   6.5132505e-01
   6.4372344e-01
   6.3559270e-01
   6.2698170e-01
   6.1797174e-01
   6.0867111e-01
   5.9920675e-01
   5.8971409e-01
   5.8032667e-01
   5.7116715e-01
   5.6234086e-01
   5.5393227e-01
   5.4600409e-01
   5.3859844e-01
   5.3173933e-01
   5.2543553e-01
   5.1968359e-01
   5.1447057e-01
   5.0977638e-01
   5.0557575e-01
   5.0183991e-01
   4.9853799e-01
   4.9563803e-01
   4.9310792e-01
   4.9091590e-01
   4.8903109e-01
   4.8742370e-01
   4.8606526e-01
   4.8492872e-01
   4.8398857e-01
   4.8322090e-01
   4.8260348e-01
   4.8211584e-01
   4.8173928e-01
   4.8145697e-01
   4.8125386e-01
   4.8111667e-01
   4.8103374e-01
   4.8099487e-01
   4.8099117e-01
   4.8101481e-01
   4.8105895e-01
   4.8111761e-01
   4.8118558e-01
   4.8125838e-01
   4.8133221e-01
   4.8140389e-01
   4.8147082e-01
   4.8153089e-01
   4.8158245e-01
   4.8162423e-01
   4.8165524e-01
   4.8167472e-01
   4.8168211e-01
   4.8167696e-01
   4.8165891e-01
   4.8162767e-01
   4.8158300e-01
   4.8152468e-01
   4.8145253e-01
   4.8136641e-01
   4.8126623e-01
   4.8115198e-01
   4.8102373e-01
   4.8088170e-01
   4.8072624e-01
   4.8055791e-01
   4.8037745e-01
   4.8018582e-01
   4.7998417e-01
   4.7977382e-01
   4.7955618e-01
   4.7933275e-01
   4.7910501e-01
   4.7887437e-01
   4.7864214e-01
   4.7840948e-01
   4.7817741e-01
   4.7794680e-01
   4.7771841e-01
   4.7749288e-01
   4.7727082e-01
   4.7705282e-01
   4.7683946e-01
   4.7663137e-01
   4.7642924e-01
   4.7623384e-01
   4.7604600e-01
   4.7586661e-01
   4.7569663e-01
   4.7553702e-01
   4.7538873e-01
   4.7525269e-01
   4.7512972e-01
   4.7502055e-01
   4.7492580e-01
   4.7484591e-01
   4.7478118e-01
   4.7473176e-01
   4.7469763e-01
   4.7467864e-01
   4.7467450e-01
   4.7468483e-01
   4.7470914e-01
   4.7474689e-01
   4.7479749e-01
   4.7486032e-01
   4.7493473e-01
   4.7502008e-01
   4.7511571e-01
   4.7522101e-01
   4.7533532e-01
   4.7545804e-01
   4.7558854e-01
   4.7572624e-01
   4.7587053e-01
   4.7602083e-01
   4.7617656e-01
   4.7633716e-01
   4.7650206e-01
   4.7667072e-01
   4.7684259e-01
   4.7701715e-01
   4.7719390e-01
   4.7737232e-01
   4.7755197e-01
   4.7773237e-01
   4.7791312e-01
   4.7809382e-01
   4.7827411e-01
   4.7845366e-01
   4.7863219e-01
   4.7880944e-01
   4.7898522e-01
   4.7915935e-01
   4.7933172e-01
   4.7950224e-01
   4.7967087e-01
   4.7983761e-01
   4.8000251e-01
   4.8016563e-01
   4.8032708e-01
   4.8048699e-01
   4.8064552e-01
   4.8080284e-01
   4.8095916e-01
   4.8111467e-01
   4.8126958e-01
   4.8142411e-01
   4.8157848e-01
   4.8173289e-01
   4.8188755e-01
   4.8204264e-01
   4.8219836e-01
   4.8235486e-01
   4.8251231e-01
   4.8267084e-01
   4.8283057e-01
   4.8299161e-01
   4.8315404e-01
   4.8331795e-01
   4.8348339e-01
   4.8365040e-01
   4.8381902e-01
   4.8398928e-01
   4.8416117e-01
   4.8433470e-01
   4.8450985e-01
   4.8468662e-01
   4.8486497e-01
   4.8504487e-01
   4.8522628e-01
   4.8540917e-01
   4.8559349e-01
   4.8577918e-01
   4.8596620e-01
   4.8615450e-01
   4.8634401e-01
   4.8653468e-01
   4.8672646e-01
   4.8691928e-01
   4.8711310e-01
   4.8730784e-01
   4.8750346e-01
   4.8769990e-01
   4.8789711e-01
   4.8809502e-01
   4.8829359e-01
   4.8849276e-01
   4.8869248e-01
   4.8889270e-01
   4.8909338e-01
