   6.8853342e-01
   6.8405967e-01
   6.7922038e-01
   6.7382516e-01
   6.6771253e-01
   6.6075893e-01
   6.5289247e-01
   6.4410779e-01
   6.3447701e-01
   6.2415128e-01
   6.1334878e-01
   6.0232991e-01
   5.9136465e-01
   5.8070074e-01
   5.7054004e-01
   5.6102706e-01
   5.5224897e-01
   5.4424360e-01
   5.3701101e-01
   5.3052532e-01
   5.2474468e-01
   5.1961882e-01
   5.1509406e-01
   5.1111645e-01
   5.0763348e-01
   5.0459482e-01
   5.0195256e-01
   4.9966122e-01
   4.9767754e-01
   4.9596044e-01
   4.9447095e-01
   4.9317221e-01
   4.9202962e-01
   4.9101098e-01
   4.9008666e-01
   4.8922977e-01
   4.8841626e-01
   4.8762497e-01
   4.8683760e-01
   4.8603858e-01
   4.8521491e-01
   4.8435601e-01
   4.8345352e-01
   4.8250114e-01
   4.8149454e-01
   4.8043115e-01
   4.7931003e-01
   4.7813168e-01
   4.7689774e-01
   4.7561074e-01
   4.7427381e-01
   4.7289037e-01
   4.7146397e-01
   4.6999807e-01
   4.6849601e-01
   4.6696089e-01
   4.6539560e-01
   4.6380281e-01
   4.6218498e-01
   4.6054436e-01
   4.5888303e-01
   4.5720290e-01
   4.5550571e-01
   4.5379308e-01
   4.5206648e-01
   4.5032730e-01
   4.4857689e-01
   4.4681655e-01
   4.4504763e-01
   4.4327158e-01
   4.4148993e-01
   4.3970436e-01
   4.3791668e-01
   4.3612885e-01
   4.3434292e-01
   4.3256106e-01
   4.3078545e-01
   4.2901832e-01
   4.2726187e-01
   4.2551823e-01
   4.2378947e-01
   4.2207759e-01
   4.2038449e-01
   4.1871197e-01
   4.1706173e-01
   4.1543539e-01
   4.1383441e-01
   4.1226009e-01
   4.1071356e-01
   4.0919569e-01
   4.0770710e-01
   4.0624816e-01
   4.0481900e-01
   4.0341956e-01
   4.0204960e-01
   4.0070880e-01
   3.9939672e-01
   3.9811288e-01
   3.9685675e-01
   3.9562777e-01
   3.9442537e-01
   3.9324894e-01
   3.9209786e-01
   3.9097150e-01
   3.8986921e-01
   3.8879035e-01
   3.8773426e-01
   3.8670027e-01
   3.8568774e-01
   3.8469600e-01
   3.8372442e-01
   3.8277235e-01
   3.8183918e-01
   3.8092429e-01
   3.8002708e-01
   3.7914697e-01
   3.7828340e-01
   3.7743583e-01
   3.7660373e-01
   3.7578659e-01
   3.7498392e-01
   3.7419526e-01
   3.7342015e-01
   3.7265817e-01
   3.7190890e-01
   3.7117195e-01
   3.7044694e-01
   3.6973351e-01
   3.6903131e-01
   3.6834003e-01
   3.6765935e-01
   3.6698896e-01
   3.6632860e-01
   3.6567798e-01
   3.6503685e-01
   3.6440497e-01
   3.6378209e-01
   3.6316801e-01
   3.6256250e-01
   3.6196536e-01
   3.6137640e-01
   3.6079544e-01
   3.6022230e-01
   3.5965681e-01
   3.5909882e-01
   3.5854816e-01
   3.5800469e-01
   3.5746827e-01
   3.5693876e-01
   3.5641604e-01
   3.5589997e-01
   3.5539045e-01
   3.5488735e-01
   3.5439057e-01
   3.5389999e-01
   3.5341552e-01
   3.5293705e-01
   3.5246450e-01
   3.5199776e-01
   3.5153675e-01
   3.5108138e-01
   3.5063157e-01
   3.5018723e-01
   3.4974829e-01
   3.4931467e-01
   3.4888629e-01
   3.4846308e-01
   3.4804498e-01
   3.4763190e-01
   3.4722379e-01
   3.4682058e-01
   3.4642221e-01
   3.4602860e-01
   3.4563971e-01
   3.4525546e-01
   3.4487581e-01
   3.4450069e-01
   3.4413004e-01
   3.4376382e-01
   3.4340197e-01
   3.4304442e-01
   3.4269114e-01
   3.4234207e-01
   3.4199715e-01
   3.4165635e-01
   3.4131960e-01
   3.4098686e-01
   3.4065809e-01
   3.4033323e-01
   3.4001224e-01
   3.3969508e-01
   3.3938169e-01
   3.3907204e-01
   3.3876608e-01
   3.3846376e-01
   3.3816505e-01
   3.3786990e-01
   3.3757827e-01
   3.3729012e-01
   3.3700541e-01
