   2.0430671e+00
   4.5656969e+00
             NaN
   1.1515378e+00
   3.9462151e+00
             NaN
   9.8700264e-01
   2.5291160e+00
             NaN
   9.4966348e-01
   1.5759968e+00
             NaN
   4.9527922e-01
   4.7986615e-01
   4.9553855e-01
   5.1438077e-01
   6.9327243e-01
   1.2861618e+00
   1.6665523e+00
             NaN
   4.9999414e-01
   4.8506449e-01
   5.4839433e-01
   6.1539483e-01
   8.8285882e-01
             NaN
   1.4990442e+00
             NaN
   6.8492637e-01
   7.6801665e-01
   8.9506415e-01
             NaN
   1.1512644e+00
             NaN
   1.1568268e+00
             NaN
   1.0864846e+00
             NaN
   9.9221867e-01
             NaN
   9.1591024e-01
   9.8742968e-01
   8.7700014e-01
   9.2606643e-01
   8.6880447e-01
   9.2533634e-01
   8.8177952e-01
   9.6330184e-01
   9.0749620e-01
   1.0205216e+00
   9.3658638e-01
             NaN
   9.5878344e-01
             NaN
   9.6644691e-01
             NaN
   9.5899867e-01
             NaN
   9.4283900e-01
             NaN
   9.2656246e-01
             NaN
   9.1627810e-01
   9.5944049e-01
   9.1415685e-01
   9.5569011e-01
   9.1926651e-01
   9.6477295e-01
   9.2872742e-01
             NaN
   9.3874062e-01
             NaN
   9.4578815e-01
             NaN
   9.4790156e-01
             NaN
   9.4535407e-01
             NaN
   9.4025659e-01
   9.5451024e-01
   9.3532899e-01
   9.3961319e-01
   9.3268130e-01
   9.3047209e-01
   9.3319824e-01
   9.2754685e-01
   9.3653120e-01
   9.2914849e-01
   9.4144695e-01
   9.3237950e-01
   9.4635397e-01
   9.3424034e-01
   9.4988407e-01
   9.3267127e-01
   9.5136315e-01
   9.2719941e-01
   9.5098719e-01
   9.1891352e-01
   9.4962991e-01
   9.0980370e-01
   9.4840258e-01
   9.0184849e-01
   9.4820213e-01
   8.9629823e-01
   9.4943189e-01
   8.9338060e-01
   9.5194600e-01
   8.9240175e-01
   9.5517711e-01
   8.9211116e-01
   9.5837887e-01
   8.9119093e-01
   9.6090346e-01
   8.8872241e-01
   9.6242357e-01
   8.8447503e-01
   9.6301945e-01
   8.7891259e-01
   9.6310406e-01
   8.7293406e-01
   9.6323188e-01
   8.6748648e-01
   9.6388240e-01
   8.6322251e-01
   9.6530213e-01
   8.6031621e-01
   9.6744693e-01
   8.5846410e-01
   9.7002652e-01
   8.5703901e-01
   9.7262541e-01
   8.5533417e-01
   9.7485738e-01
   8.5281639e-01
   9.7650015e-01
   8.4930194e-01
   9.7756302e-01
   8.4499331e-01
   9.7826569e-01
   8.4037187e-01
   9.7894333e-01
   8.3600110e-01
   9.7992007e-01
   8.3232368e-01
   9.8139826e-01
   8.2952208e-01
   9.8339754e-01
   8.2747725e-01
   9.8575743e-01
   8.2582638e-01
   9.8819872e-01
   8.2409619e-01
   9.9042265e-01
   8.2186928e-01
   9.9221520e-01
   8.1892843e-01
   9.9352028e-01
   8.1532791e-01
   9.9445643e-01
   8.1136651e-01
   9.9527222e-01
   8.0747628e-01
   9.9625871e-01
   8.0407121e-01
   9.9764986e-01
   8.0140874e-01
   9.9954278e-01
   7.9950472e-01
   1.0018615e+00
   7.9812413e-01
   1.0043755e+00
   7.9685097e-01
   1.0067710e+00
   7.9522192e-01
   1.0087549e+00
   7.9288638e-01
   1.0101599e+00
   7.8973894e-01
   1.0110128e+00
   7.8597245e-01
   1.0115386e+00
   7.8202724e-01
   1.0120973e+00
   7.7845236e-01
   1.0130693e+00
   7.7572555e-01
   1.0147266e+00
   7.7408637e-01
   1.0171261e+00
   7.7342928e-01
   1.0200599e+00
   7.7329182e-01
   1.0230873e+00
   7.7295998e-01
   1.0256558e+00
   7.7168588e-01
   1.0272857e+00
   7.6896544e-01
   1.0277643e+00
   7.6477401e-01
