  -2.0433543e+00
  -9.9209146e-02
   5.0498399e-01
   2.3632096e-01
   2.0144300e-01
  -2.5177530e-01
   5.0415616e-01
  -1.4718800e-01
   3.8846380e-01
  -1.8032841e-01
   2.6966808e-01
   1.3482497e-01
  -1.5825760e-02
  -2.2327754e-01
   3.2621572e-01
  -4.9777234e-02
   1.1206702e-01
  -2.7645630e-01
   3.5493763e-01
   2.8656477e-01
   1.2413388e-01
   2.2841973e-01
   1.8411485e-01
   2.3877765e-01
  -2.1315912e-02
   1.5181634e-01
  -2.3825686e-02
   1.9657187e-01
   7.4536094e-02
   1.7433974e-01
  -1.3998366e-01
  -1.2703710e-01
   1.0889629e-01
   6.6340968e-03
   8.2618048e-02
  -2.9325004e-01
  -3.8461225e-02
  -2.3707783e-01
  -5.7242090e-02
  -4.2918235e-01
   1.3916551e-01
   1.5024311e-01
  -2.4135718e-01
   1.7709126e-02
  -3.9905159e-01
  -1.5175567e-01
