18.02 27.6 117.5 1013 0.09489 0.1036 0.1086 0.07055 0.1865 0.06333 0
11.42 20.38 77.58 386.1 0.1425 0.2839 0.2414 0.1052 0.2597 0.09744 0
18.98 19.61 124.4 1112 0.09087 0.1237 0.1213 0.0891 0.1727 0.05767 0
12.46 24.04 83.97 475.9 0.1186 0.2396 0.2273 0.08543 0.203 0.08243 0
15.85 23.95 103.7 782.7 0.08401 0.1002 0.09938 0.05364 0.1847 0.05338 0
16.13 20.68 108.1 798.8 0.117 0.2022 0.1722 0.1028 0.2164 0.07356 1
16.65 21.38 110 904.6 0.1121 0.1457 0.1525 0.0917 0.1995 0.0633 0
18.61 20.25 122.1 1094 0.0944 0.1066 0.149 0.07731 0.1697 0.05699 0
11.84 18.7 77.93 440.6 0.1109 0.1516 0.1218 0.05182 0.2301 0.07799 0
16.13 17.88 107 807.2 0.104 0.1559 0.1354 0.07752 0.1998 0.06515 0
14.99 25.2 95.54 698.8 0.09387 0.05131 0.02398 0.02899 0.1565 0.05504 0
10.95 21.35 71.9 371.1 0.1227 0.1218 0.1044 0.05669 0.1895 0.0687 0
13.17 21.81 85.42 531.5 0.09714 0.1047 0.08259 0.05252 0.1746 0.06177 0
15.1 22.02 97.26 712.8 0.09056 0.07081 0.05253 0.03334 0.1616 0.05684 1
14.25 22.15 96.42 645.7 0.1049 0.2008 0.2135 0.08653 0.1949 0.07292 1
17.2 24.52 114.2 929.4 0.1071 0.183 0.1692 0.07944 0.1927 0.06487 0
19.1 26.29 129.1 1132 0.1215 0.1791 0.1937 0.1469 0.1634 0.07224 1
14.42 19.77 94.48 642.5 0.09752 0.1141 0.09388 0.05839 0.1879 0.0639 0
14.87 16.67 98.64 682.5 0.1162 0.1649 0.169 0.08923 0.2157 0.06768 0
18.66 17.12 121.4 1077 0.1054 0.11 0.1457 0.08665 0.1966 0.06213 0
19.79 25.12 130.4 1192 0.1015 0.1589 0.2545 0.1149 0.2202 0.06113 0
12.77 22.47 81.72 506.3 0.09055 0.05761 0.04711 0.02704 0.1585 0.06065 0
11.8 16.58 78.99 432 0.1091 0.17 0.1659 0.07415 0.2678 0.07371 0
19.59 18.15 130.7 1214 0.112 0.1666 0.2508 0.1286 0.2027 0.06082 1
18.98 24.12 122 1030 0.1198 0.1612 0.2119 0.1155 0.2375 0.06542 0
27.22 21.87 182.1 2250 0.1094 0.1914 0.2871 0.1878 0.18 0.0577 1
15.28 22.41 98.92 710.6 0.09057 0.1052 0.05375 0.03263 0.1727 0.06317 0
12.34 26.86 81.15 477.4 0.1034 0.1353 0.1085 0.04562 0.1943 0.06937 1
19.18 22.49 127.5 1148 0.08523 0.1428 0.1114 0.06772 0.1767 0.05529 0
13.81 23.75 91.56 597.8 0.1323 0.1768 0.1558 0.09176 0.2251 0.07421 0
17.42 25.56 114.5 948 0.1006 0.1146 0.1682 0.06597 0.1308 0.05866 0
19.8 21.56 129.7 1230 0.09383 0.1306 0.1272 0.08691 0.2094 0.05581 0
12.83 22.33 85.26 503.2 0.1088 0.1799 0.1695 0.06861 0.2123 0.07254 0
23.21 26.97 153.5 1670 0.09509 0.1682 0.195 0.1237 0.1909 0.06309 0
17.3 17.08 113 928.2 0.1008 0.1041 0.1266 0.08353 0.1813 0.05613 0
19.55 28.77 133.6 1207 0.0926 0.2063 0.1784 0.1144 0.1893 0.06232 1
15.53 33.56 103.7 744.9 0.1063 0.1639 0.1751 0.08399 0.2091 0.0665 0
15.61 19.38 100 758.6 0.0784 0.05616 0.04209 0.02847 0.1547 0.05443 0
21.75 20.99 147.3 1491 0.09401 0.1961 0.2195 0.1088 0.1721 0.06194 1
19.71 19.06 129.5 1192 0.1018 0.1352 0.1696 0.1043 0.1895 0.05863 0
19.53 18.9 129.5 1217 0.115 0.1642 0.2197 0.1062 0.1792 0.06552 1
20.16 19.66 131.1 1274 0.0802 0.08564 0.1155 0.07726 0.1928 0.05096 0
17.06 21 111.8 918.6 0.1119 0.1056 0.1508 0.09934 0.1727 0.06071 0
19.68 21.68 129.9 1194 0.09797 0.1339 0.1863 0.1103 0.2082 0.05715 1
15.08 25.74 98 716.6 0.1024 0.09769 0.1235 0.06553 0.1647 0.06464 1
22.01 21.9 147.2 1482 0.1063 0.1954 0.2448 0.1501 0.1824 0.0614 1
14.6 23.29 93.97 664.7 0.08682 0.06636 0.0839 0.05271 0.1627 0.05416 0
17.99 20.66 117.8 991.7 0.1036 0.1304 0.1201 0.08824 0.1992 0.06069 0
17.29 21.43 112.7 938.6 0.1004 0.1124 0.1117 0.08377 0.1749 0.05822 0
13.98 19.62 91.12 599.5 0.106 0.1133 0.1126 0.06463 0.1669 0.06544 1
17.75 28.03 117.3 981.6 0.09997 0.1314 0.1698 0.08293 0.1713 0.05916 1
17.6 23.33 119 980.5 0.09289 0.2004 0.2136 0.1002 0.1696 0.07369 0
16.69 20.2 107.1 857.6 0.07497 0.07112 0.03649 0.02307 0.1846 0.05325 0
20.59 21.24 137.8 1320 0.1085 0.1644 0.2188 0.1121 0.1848 0.06222 1
15.46 23.95 103.8 731.3 0.1183 0.187 0.203 0.0852 0.1807 0.07083 0
19.89 20.26 130.5 1214 0.1037 0.131 0.1411 0.09431 0.1802 0.06188 0
15.22 30.62 103.4 716.9 0.1048 0.2087 0.255 0.09429 0.2128 0.07152 0
20.13 28.25 131.2 1261 0.0978 0.1034 0.144 0.09791 0.1752 0.05533 0
18.11 26.17 118.7 970.2 0.09867 0.1716 0.2177 0.09718 0.2063 0.06194 0
18.11 30.99 115.8 984.4 0.08625 0.0924 0.06214 0.05598 0.1603 0.05468 1
15.78 17.1 102.2 769 0.09668 0.0903 0.07268 0.04475 0.189 0.0569 0
22.44 27.42 150.6 1504 0.1211 0.2082 0.3579 0.1842 0.2524 0.05848 0
23.01 33.87 156.8 1705 0.1157 0.1948 0.2979 0.1522 0.1799 0.0634 0
19.8 20.46 130.2 1235 0.09652 0.1077 0.1599 0.08705 0.162 0.05731 0
14.72 25.26 99.28 657.5 0.1174 0.2112 0.1729 0.09465 0.2079 0.07496 0
17.17 29.19 110 915.3 0.08952 0.06655 0.06583 0.05068 0.1793 0.05392 0
17.99 10.38 122.8 1001 0.1184 0.2776 0.3001 0.1471 0.2419 0.07871 0
20.29 14.34 135.1 1297 0.1003 0.1328 0.198 0.1043 0.1809 0.05883 1
13.71 20.83 90.2 577.9 0.1189 0.1645 0.09366 0.05985 0.2196 0.07451 1
16.02 23.24 102.7 797.8 0.08206 0.06669 0.03299 0.03323 0.1528 0.05697 0
14.54 27.54 96.73 658.8 0.1139 0.1595 0.1639 0.07364 0.2303 0.07077 1
15.34 14.26 102.5 704.4 0.1073 0.2135 0.2077 0.09756 0.2521 0.07032 0
17.14 16.4 116 912.7 0.1186 0.2276 0.2229 0.1401 0.304 0.07413 0
15.3 25.27 102.4 732.4 0.1082 0.1697 0.1683 0.08751 0.1926 0.0654 0
17.02 23.98 112.8 899.3 0.1197 0.1496 0.2417 0.1203 0.2248 0.06382 0
16.74 21.59 110.1 869.5 0.0961 0.1336 0.1348 0.06018 0.1896 0.05656 0
13.48 20.82 88.4 559.2 0.1016 0.1255 0.1063 0.05439 0.172 0.06419 0
19.07 24.81 128.3 1104 0.09081 0.219 0.2107 0.09961 0.231 0.06343 1
18.65 17.6 123.7 1076 0.1099 0.1686 0.1974 0.1009 0.1907 0.06049 1
19.21 18.57 125.5 1152 0.1053 0.1267 0.1323 0.08994 0.1917 0.05961 1
12.68 23.84 82.69 499 0.1122 0.1262 0.1128 0.06873 0.1905 0.0659 1
13.8 15.79 90.43 584.1 0.1007 0.128 0.07789 0.05069 0.1662 0.06566 1
15.06 19.83 100.3 705.6 0.1039 0.1553 0.17 0.08815 0.1855 0.06284 0
14.19 26.02 96.29 632.4 0.105 0.1836 0.2013 0.07798 0.1894 0.06625 0
15.78 22.91 105.7 782.6 0.1155 0.1752 0.2133 0.09479 0.2096 0.07331 0
24.25 20.2 166.2 1761 0.1447 0.2867 0.4268 0.2012 0.2655 0.06877 0
16.16 21.54 106.2 809.8 0.1008 0.1284 0.1043 0.05613 0.216 0.05891 0
14.95 17.57 96.85 678.1 0.1167 0.1305 0.1539 0.08624 0.1957 0.06216 0
17.68 20.74 117.4 963.7 0.1115 0.1665 0.1855 0.1054 0.1971 0.06166 1
23.27 22.04 152.1 1686 0.08439 0.1145 0.1324 0.09702 0.1801 0.05553 0
13.43 19.63 85.84 565.4 0.09048 0.06288 0.05858 0.03438 0.1598 0.05671 0
21.09 26.57 142.7 1311 0.1141 0.2832 0.2487 0.1496 0.2395 0.07398 0
18.31 18.58 118.6 1041 0.08588 0.08468 0.08169 0.05814 0.1621 0.05425 0
14.86 23.21 100.4 671.4 0.1044 0.198 0.1697 0.08878 0.1737 0.06672 0
14.45 20.22 94.49 642.7 0.09872 0.1206 0.118 0.0598 0.195 0.06466 0
15.12 16.68 98.78 716.6 0.08876 0.09588 0.0755 0.04079 0.1594 0.05986 1
14.19 23.81 92.87 610.7 0.09463 0.1306 0.1115 0.06462 0.2235 0.06433 0
19.53 32.47 128 1223 0.0842 0.113 0.1145 0.06637 0.1428 0.05313 0
17.05 19.08 113.4 895 0.1141 0.1572 0.191 0.109 0.2131 0.06325 0
17.46 39.28 113.4 920.6 0.09812 0.1298 0.1417 0.08811 0.1809 0.05966 0
19.45 19.33 126.5 1169 0.1035 0.1188 0.1379 0.08591 0.1776 0.05647 0
15.32 17.27 103.2 713.3 0.1335 0.2284 0.2448 0.1242 0.2398 0.07596 0
20.31 27.06 132.9 1288 0.1 0.1088 0.1519 0.09333 0.1814 0.05572 1
17.19 22.07 111.6 928.3 0.09726 0.08995 0.09061 0.06527 0.1867 0.0558 1
17.93 24.48 115.2 998.9 0.08855 0.07027 0.05699 0.04744 0.1538 0.0551 0
16.24 18.77 108.8 805.1 0.1066 0.1802 0.1948 0.09052 0.1876 0.06684 0
20.09 23.86 134.7 1247 0.108 0.1838 0.2283 0.128 0.2249 0.07469 0
20.34 21.51 135.9 1264 0.117 0.1875 0.2565 0.1504 0.2569 0.0667 0
18.77 21.43 122.9 1092 0.09116 0.1402 0.106 0.0609 0.1953 0.06083 0
15.75 19.22 107.1 758.6 0.1243 0.2364 0.2914 0.1242 0.2375 0.07603 0
20.44 21.78 133.8 1293 0.0915 0.1131 0.09799 0.07785 0.1618 0.05557 0
20.64 17.35 134.8 1335 0.09446 0.1076 0.1527 0.08941 0.1571 0.05478 0
19.55 23.21 128.9 1174 0.101 0.1318 0.1856 0.1021 0.1989 0.05884 0
15.13 29.81 96.71 719.5 0.0832 0.04605 0.04686 0.02739 0.1852 0.05294 0
20.18 19.54 133.8 1250 0.1133 0.1489 0.2133 0.1259 0.1724 0.06053 1
17.27 25.42 112.4 928.8 0.08331 0.1109 0.1204 0.05736 0.1467 0.05407 0
21.1 20.52 138.1 1384 0.09684 0.1175 0.1572 0.1155 0.1554 0.0566 0
16.25 19.51 109.8 815.8 0.1026 0.1893 0.2236 0.09194 0.2151 0.06578 0
18.01 20.56 118.4 1007 0.1001 0.1289 0.117 0.07762 0.2116 0.06077 1
13.82 24.49 92.33 595.9 0.1162 0.1681 0.1357 0.06759 0.2275 0.07237 0
15.05 19.07 97.26 701.9 0.09215 0.08597 0.07486 0.04335 0.1561 0.05915 0
24.63 21.6 165.5 1841 0.103 0.2106 0.231 0.1471 0.1991 0.06739 0
20.92 25.09 143 1347 0.1099 0.2236 0.3174 0.1474 0.2149 0.06879 0
16.6 28.08 108.3 858.1 0.08455 0.1023 0.09251 0.05302 0.159 0.05648 0
21.93 30.64 146.7 1487 0.08679 0.1723 0.2053 0.101 0.1796 0.05715 0
24.29 25.48 161.8 1715 0.09374 0.2284 0.2702 0.1369 0.2307 0.06308 0
19.28 20.88 124.9 1127 0.09033 0.1197 0.06435 0.0887 0.1971 0.05417 0
17.98 23.96 120 995 0.1157 0.1739 0.1954 0.1219 0.1981 0.06306 0
22.41 29.95 145.5 1528 0.1119 0.1699 0.3076 0.1594 0.2099 0.06803 0
19.96 27.41 130.8 1238 0.09075 0.1167 0.1355 0.08397 0.16 0.05461 0
22.52 21.92 146.9 1597 0.07592 0.09162 0.06862 0.06367 0.1728 0.05262 0
21.42 22.84 145 1440 0.107 0.1939 0.238 0.1318 0.1884 0.06472 1
