21.37 17.44 137.5 1373 0.08836 0.1189 0.1255 0.0818 0.2333 0.0601 0
12.75 15.29 84.6 502.7 0.1189 0.1569 0.1664 0.07666 0.1995 0.07164 1
13 21.82 87.5 519.8 0.1273 0.1932 0.1859 0.09353 0.235 0.07389 0
15.78 17.89 103.6 781 0.0971 0.1292 0.09954 0.06606 0.1842 0.06082 0
14.68 20.13 94.74 684.5 0.09867 0.072 0.07395 0.05259 0.1586 0.05922 0
21.16 23.04 137.2 1404 0.09428 0.1022 0.1097 0.08632 0.1769 0.05278 1
14.58 21.53 97.41 644.8 0.1054 0.1868 0.1425 0.08783 0.2252 0.06924 0
17.57 15.05 115 955.1 0.09847 0.1157 0.09875 0.07953 0.1739 0.06149 0
19.27 26.47 127.9 1162 0.09401 0.1719 0.1657 0.07593 0.1853 0.06261 0
14.25 21.72 93.63 633 0.09823 0.1098 0.1319 0.05598 0.1885 0.06125 0
13.44 21.58 86.18 563 0.08162 0.06031 0.0311 0.02031 0.1784 0.05587 0
13.28 20.28 87.32 545.2 0.1041 0.1436 0.09847 0.06158 0.1974 0.06782 0
13.17 18.66 85.98 534.6 0.1158 0.1231 0.1226 0.0734 0.2128 0.06777 0
14.71 21.59 95.55 656.9 0.1137 0.1365 0.1293 0.08123 0.2027 0.06758 0
14.78 23.94 97.4 668.3 0.1172 0.1479 0.1267 0.09029 0.1953 0.06654 0
19.55 15.49 128 1156 0.1079 0.1747 0.2352 0.1196 0.2616 0.06752 0
20.77 22.83 137.4 1336 0.1033 0.1515 0.1637 0.1015 0.18 0.05641 1
13.11 15.56 87.21 530.2 0.1398 0.1765 0.2071 0.09601 0.1925 0.07692 0
17.95 20.01 114.2 982 0.08402 0.06722 0.07293 0.05596 0.2129 0.05025 1
19 18.91 123.4 1138 0.08217 0.08028 0.09271 0.05627 0.1946 0.05044 1
20.29 21.49 132.8 1291 0.09258 0.1205 0.1523 0.08636 0.2356 0.05635 1
16.11 18.05 105.1 813 0.09721 0.1137 0.09447 0.05943 0.1861 0.06248 0
19.89 16.89 130.2 1229 0.1005 0.1134 0.1498 0.1121 0.173 0.06147 0
16.78 18.8 109.3 886.3 0.08865 0.09182 0.08422 0.06576 0.1893 0.05534 0
15.46 11.89 102.5 736.9 0.1257 0.1555 0.2032 0.1097 0.1966 0.07069 0
15.7 20.31 101.2 766.6 0.09597 0.08799 0.06593 0.05189 0.1618 0.05549 0
14.22 23.12 94.37 609.9 0.1075 0.2413 0.1981 0.06618 0.2384 0.07542 0
13.77 22.29 90.63 588.9 0.12 0.1267 0.1385 0.06526 0.1834 0.06877 0
23.29 26.67 158.9 1685 0.1141 0.2084 0.3523 0.162 0.22 0.06229 0
19.37 24.03 129.9 1174 0.09866 0.1629 0.1961 0.1054 0.212 0.06246 0
13.86 16.93 90.96 578.9 0.1026 0.1517 0.09901 0.05602 0.2106 0.06916 0
16.34 20.81 109.4 829.8 0.1031 0.1589 0.1769 0.08451 0.1981 0.06613 0
20.51 27.81 134.4 1319 0.09159 0.1074 0.1554 0.0834 0.1448 0.05592 0
19.4 23.5 129.1 1155 0.1027 0.1558 0.2049 0.08886 0.1978 0.06 0
13.96 17.05 91.43 602.4 0.1096 0.1279 0.09789 0.05246 0.1908 0.0613 0
15.66 23.2 110.2 773.5 0.1109 0.3114 0.3176 0.1377 0.2495 0.08104 0
17.29 22.13 114.4 947.8 0.08999 0.1273 0.09697 0.07507 0.2108 0.05464 1
20.73 31.12 135.7 1419 0.09469 0.1143 0.1367 0.08646 0.1769 0.05674 0
19.16 26.6 126.2 1138 0.102 0.1453 0.1921 0.09664 0.1902 0.0622 0
11.76 18.14 75 431.1 0.09968 0.05914 0.02685 0.03515 0.1619 0.06287 0
18.22 18.87 118.7 1027 0.09746 0.1117 0.113 0.0795 0.1807 0.05664 0
16.27 20.71 106.9 813.7 0.1169 0.1319 0.1478 0.08488 0.1948 0.06277 1
23.51 24.27 155.1 1747 0.1069 0.1283 0.2308 0.141 0.1797 0.05506 1
25.73 17.46 174.2 2010 0.1149 0.2363 0.3368 0.1913 0.1956 0.06121 1
20.2 26.83 133.7 1234 0.09905 0.1669 0.1641 0.1265 0.1875 0.0602 0
11.08 18.83 73.3 361.6 0.1216 0.2154 0.1689 0.06367 0.2196 0.0795 0
21.61 22.28 144.4 1407 0.1167 0.2087 0.281 0.1562 0.2162 0.06606 0
15.5 21.08 102.9 803.1 0.112 0.1571 0.1522 0.08481 0.2085 0.06864 1
18.82 21.97 123.7 1110 0.1018 0.1389 0.1594 0.08744 0.1943 0.06132 0
18.03 16.85 117.5 990 0.08947 0.1232 0.109 0.06254 0.172 0.0578 0
19.59 25 127.7 1191 0.1032 0.09871 0.1655 0.09063 0.1663 0.05391 1
19.44 18.82 128.1 1167 0.1089 0.1448 0.2256 0.1194 0.1823 0.06115 1
18.49 17.52 121.3 1068 0.1012 0.1317 0.1491 0.09183 0.1832 0.06697 0
24.24 18.74 159.6 1945 0.08938 0.1136 0.1727 0.1071 0.1591 0.05175 1
18.31 20.58 120.8 1052 0.1068 0.1248 0.1569 0.09451 0.186 0.05941 0
18.45 31.39 120.8 1051 0.09889 0.1108 0.1275 0.07493 0.1855 0.05593 0
21.56 22.39 142 1479 0.111 0.1159 0.2439 0.1389 0.1726 0.05623 0
13.86 23.83 89.6 595.8 0.1067 0.08318 0.07671 0.05627 0.1433 0.05484 0
17.53 25.28 114 966.6 0.09278 0.09175 0.1105 0.06741 0.1424 0.05563 1
15.6 26.79 99.85 760 0.07885 0.0524 0.03778 0.02876 0.158 0.05395 0
15.66 24.51 102 771.1 0.08886 0.08731 0.09483 0.04286 0.1995 0.05626 0
13.63 24.7 89.65 569.2 0.1055 0.1312 0.1161 0.06403 0.1791 0.07058 0
12.53 30.98 80.41 490.9 0.09252 0.06271 0.06151 0.03938 0.1993 0.06554 0
19.22 27.18 128.8 1134 0.109 0.1777 0.2138 0.1116 0.1924 0.06389 0
15.44 31.18 101 740.4 0.09399 0.1062 0.1375 0.065 0.1735 0.06105 0
16.7 28.13 110.3 885.4 0.08896 0.1131 0.1012 0.04989 0.189 0.06035 0
18.02 27.6 117.5 1013 0.09489 0.1036 0.1086 0.07055 0.1865 0.06333 0
11.42 20.38 77.58 386.1 0.1425 0.2839 0.2414 0.1052 0.2597 0.09744 0
18.98 19.61 124.4 1112 0.09087 0.1237 0.1213 0.0891 0.1727 0.05767 0
12.46 24.04 83.97 475.9 0.1186 0.2396 0.2273 0.08543 0.203 0.08243 0
15.85 23.95 103.7 782.7 0.08401 0.1002 0.09938 0.05364 0.1847 0.05338 0
16.13 20.68 108.1 798.8 0.117 0.2022 0.1722 0.1028 0.2164 0.07356 1
16.65 21.38 110 904.6 0.1121 0.1457 0.1525 0.0917 0.1995 0.0633 0
18.61 20.25 122.1 1094 0.0944 0.1066 0.149 0.07731 0.1697 0.05699 0
11.84 18.7 77.93 440.6 0.1109 0.1516 0.1218 0.05182 0.2301 0.07799 0
16.13 17.88 107 807.2 0.104 0.1559 0.1354 0.07752 0.1998 0.06515 0
14.99 25.2 95.54 698.8 0.09387 0.05131 0.02398 0.02899 0.1565 0.05504 0
10.95 21.35 71.9 371.1 0.1227 0.1218 0.1044 0.05669 0.1895 0.0687 0
13.17 21.81 85.42 531.5 0.09714 0.1047 0.08259 0.05252 0.1746 0.06177 0
15.1 22.02 97.26 712.8 0.09056 0.07081 0.05253 0.03334 0.1616 0.05684 1
14.25 22.15 96.42 645.7 0.1049 0.2008 0.2135 0.08653 0.1949 0.07292 1
17.2 24.52 114.2 929.4 0.1071 0.183 0.1692 0.07944 0.1927 0.06487 0
19.1 26.29 129.1 1132 0.1215 0.1791 0.1937 0.1469 0.1634 0.07224 1
14.42 19.77 94.48 642.5 0.09752 0.1141 0.09388 0.05839 0.1879 0.0639 0
14.87 16.67 98.64 682.5 0.1162 0.1649 0.169 0.08923 0.2157 0.06768 0
18.66 17.12 121.4 1077 0.1054 0.11 0.1457 0.08665 0.1966 0.06213 0
19.79 25.12 130.4 1192 0.1015 0.1589 0.2545 0.1149 0.2202 0.06113 0
12.77 22.47 81.72 506.3 0.09055 0.05761 0.04711 0.02704 0.1585 0.06065 0
11.8 16.58 78.99 432 0.1091 0.17 0.1659 0.07415 0.2678 0.07371 0
19.59 18.15 130.7 1214 0.112 0.1666 0.2508 0.1286 0.2027 0.06082 1
18.98 24.12 122 1030 0.1198 0.1612 0.2119 0.1155 0.2375 0.06542 0
27.22 21.87 182.1 2250 0.1094 0.1914 0.2871 0.1878 0.18 0.0577 1
15.28 22.41 98.92 710.6 0.09057 0.1052 0.05375 0.03263 0.1727 0.06317 0
12.34 26.86 81.15 477.4 0.1034 0.1353 0.1085 0.04562 0.1943 0.06937 1
19.18 22.49 127.5 1148 0.08523 0.1428 0.1114 0.06772 0.1767 0.05529 0
13.81 23.75 91.56 597.8 0.1323 0.1768 0.1558 0.09176 0.2251 0.07421 0
17.42 25.56 114.5 948 0.1006 0.1146 0.1682 0.06597 0.1308 0.05866 0
19.8 21.56 129.7 1230 0.09383 0.1306 0.1272 0.08691 0.2094 0.05581 0
12.83 22.33 85.26 503.2 0.1088 0.1799 0.1695 0.06861 0.2123 0.07254 0
23.21 26.97 153.5 1670 0.09509 0.1682 0.195 0.1237 0.1909 0.06309 0
17.3 17.08 113 928.2 0.1008 0.1041 0.1266 0.08353 0.1813 0.05613 0
19.55 28.77 133.6 1207 0.0926 0.2063 0.1784 0.1144 0.1893 0.06232 1
15.53 33.56 103.7 744.9 0.1063 0.1639 0.1751 0.08399 0.2091 0.0665 0
15.61 19.38 100 758.6 0.0784 0.05616 0.04209 0.02847 0.1547 0.05443 0
21.75 20.99 147.3 1491 0.09401 0.1961 0.2195 0.1088 0.1721 0.06194 1
19.71 19.06 129.5 1192 0.1018 0.1352 0.1696 0.1043 0.1895 0.05863 0
19.53 18.9 129.5 1217 0.115 0.1642 0.2197 0.1062 0.1792 0.06552 1
20.16 19.66 131.1 1274 0.0802 0.08564 0.1155 0.07726 0.1928 0.05096 0
17.06 21 111.8 918.6 0.1119 0.1056 0.1508 0.09934 0.1727 0.06071 0
19.68 21.68 129.9 1194 0.09797 0.1339 0.1863 0.1103 0.2082 0.05715 1
15.08 25.74 98 716.6 0.1024 0.09769 0.1235 0.06553 0.1647 0.06464 1
22.01 21.9 147.2 1482 0.1063 0.1954 0.2448 0.1501 0.1824 0.0614 1
14.6 23.29 93.97 664.7 0.08682 0.06636 0.0839 0.05271 0.1627 0.05416 0
17.99 20.66 117.8 991.7 0.1036 0.1304 0.1201 0.08824 0.1992 0.06069 0
17.29 21.43 112.7 938.6 0.1004 0.1124 0.1117 0.08377 0.1749 0.05822 0
13.98 19.62 91.12 599.5 0.106 0.1133 0.1126 0.06463 0.1669 0.06544 1
17.75 28.03 117.3 981.6 0.09997 0.1314 0.1698 0.08293 0.1713 0.05916 1
17.6 23.33 119 980.5 0.09289 0.2004 0.2136 0.1002 0.1696 0.07369 0
16.69 20.2 107.1 857.6 0.07497 0.07112 0.03649 0.02307 0.1846 0.05325 0
20.59 21.24 137.8 1320 0.1085 0.1644 0.2188 0.1121 0.1848 0.06222 1
15.46 23.95 103.8 731.3 0.1183 0.187 0.203 0.0852 0.1807 0.07083 0
19.89 20.26 130.5 1214 0.1037 0.131 0.1411 0.09431 0.1802 0.06188 0
15.22 30.62 103.4 716.9 0.1048 0.2087 0.255 0.09429 0.2128 0.07152 0
20.13 28.25 131.2 1261 0.0978 0.1034 0.144 0.09791 0.1752 0.05533 0
18.11 26.17 118.7 970.2 0.09867 0.1716 0.2177 0.09718 0.2063 0.06194 0
18.11 30.99 115.8 984.4 0.08625 0.0924 0.06214 0.05598 0.1603 0.05468 1
15.78 17.1 102.2 769 0.09668 0.0903 0.07268 0.04475 0.189 0.0569 0
22.44 27.42 150.6 1504 0.1211 0.2082 0.3579 0.1842 0.2524 0.05848 0
23.01 33.87 156.8 1705 0.1157 0.1948 0.2979 0.1522 0.1799 0.0634 0
19.8 20.46 130.2 1235 0.09652 0.1077 0.1599 0.08705 0.162 0.05731 0
14.72 25.26 99.28 657.5 0.1174 0.2112 0.1729 0.09465 0.2079 0.07496 0
17.17 29.19 110 915.3 0.08952 0.06655 0.06583 0.05068 0.1793 0.05392 0
