   6.2889776e-01
   5.9678338e-01
   5.8050472e-01
   5.7501927e-01
   5.7507728e-01
   5.7863261e-01
   5.8428318e-01
   5.9119850e-01
   5.9885806e-01
   6.0693002e-01
   6.1519952e-01
   6.2352608e-01
   6.3181746e-01
   6.4001335e-01
   6.4807486e-01
   6.5597773e-01
   6.6370776e-01
   6.7125771e-01
   6.7862522e-01
   6.8581130e-01
   6.9281932e-01
   6.9965423e-01
   7.0632204e-01
   7.1282947e-01
   7.1918360e-01
   7.2539174e-01
   7.3146123e-01
   7.3739939e-01
   7.4321338e-01
   7.4891021e-01
   7.5449665e-01
   7.5997927e-01
   7.6536437e-01
   7.7065802e-01
   7.7586602e-01
   7.8099393e-01
   7.8604707e-01
   7.9103054e-01
   7.9594921e-01
   8.0080772e-01
   8.0561055e-01
   8.1036195e-01
   8.1506602e-01
   8.1972669e-01
   8.2434773e-01
   8.2893277e-01
   8.3348530e-01
   8.3800869e-01
   8.4250620e-01
   8.4698100e-01
   8.5143613e-01
   8.5587458e-01
   8.6029923e-01
   8.6471292e-01
   8.6911841e-01
   8.7351840e-01
   8.7791557e-01
   8.8231251e-01
   8.8671182e-01
   8.9111606e-01
   8.9552774e-01
   8.9994939e-01
   9.0438351e-01
   9.0883259e-01
   9.1329913e-01
   9.1778564e-01
   9.2229462e-01
   9.2682859e-01
   9.3139012e-01
   9.3598177e-01
   9.4060614e-01
   9.4526589e-01
   9.4996370e-01
   9.5470229e-01
   9.5948445e-01
   9.6431303e-01
   9.6919093e-01
   9.7412115e-01
   9.7910672e-01
   9.8415079e-01
   9.8925659e-01
   9.9442745e-01
   9.9966680e-01
   1.0049782e+00
   1.0103652e+00
   1.0158318e+00
   1.0213817e+00
   1.0270191e+00
   1.0327482e+00
   1.0385734e+00
   1.0444992e+00
   1.0505304e+00
   1.0566720e+00
   1.0629290e+00
   1.0693070e+00
   1.0758114e+00
   1.0824482e+00
   1.0892236e+00
   1.0961439e+00
   1.1032159e+00
   1.1104467e+00
   1.1178436e+00
   1.1254145e+00
   1.1331674e+00
   1.1411111e+00
   1.1492543e+00
   1.1576068e+00
   1.1661784e+00
   1.1749797e+00
   1.1840218e+00
   1.1933163e+00
   1.2028756e+00
   1.2127127e+00
   1.2228414e+00
   1.2332762e+00
   1.2440325e+00
   1.2551265e+00
   1.2665756e+00
   1.2783979e+00
   1.2906127e+00
   1.3032406e+00
   1.3163032e+00
   1.3298237e+00
   1.3438264e+00
   1.3583375e+00
   1.3733844e+00
   1.3889966e+00
   1.4052053e+00
   1.4220436e+00
   1.4395469e+00
   1.4577527e+00
   1.4767011e+00
   1.4964348e+00
   1.5169990e+00
   1.5384421e+00
   1.5608157e+00
   1.5841748e+00
   1.6085779e+00
   1.6340874e+00
   1.6607699e+00
   1.6886963e+00
   1.7179425e+00
   1.7485892e+00
   1.7807223e+00
   1.8144338e+00
   1.8498216e+00
   1.8869900e+00
   1.9260503e+00
   1.9671213e+00
   2.0103295e+00
   2.0558095e+00
   2.1037052e+00
   2.1541694e+00
   2.2073651e+00
   2.2634656e+00
   2.3226555e+00
   2.3851307e+00
   2.4510994e+00
   2.5207825e+00
   2.5944141e+00
   2.6722419e+00
   2.7545276e+00
   2.8415475e+00
   2.9335925e+00
   3.0309686e+00
   3.1339972e+00
   3.2430154e+00
   3.3583764e+00
   3.4804505e+00
   3.6096250e+00
   3.7463064e+00
   3.8909207e+00
   4.0439151e+00
   4.2057599e+00
   4.3769503e+00
   4.5580080e+00
   4.7494831e+00
   4.9519554e+00
   5.1660357e+00
   5.3923659e+00
   5.6316192e+00
   5.8844982e+00
   6.1517336e+00
   6.4340809e+00
   6.7323169e+00
   7.0472355e+00
   7.3796422e+00
   7.7303484e+00
   8.1001652e+00
   8.4898955e+00
   8.9003262e+00
   9.3322198e+00
   9.7863051e+00
   1.0263270e+01
   1.0763755e+01
   1.1288355e+01
   1.1837571e+01
   1.2411890e+01
   1.3012136e+01
   1.3637067e+01
