1.297882459112083442e+00 -1.184454436731783744e+00 1.115853192400392935e+00 1.179780031301619347e+00 -1.177768794986522982e+00 -4.044404459604794000e-01 -3.907977298867305049e-01 -8.034494063905990580e-02 1.720738472514040662e+00 -3.464916066596741562e-01 0.000000000000000000e+00
-1.378514976960433458e+00 -1.705759869479654078e+00 -1.317731878324072126e+00 -1.246867956478856510e+00 1.329791934613182791e+00 3.915953233198206096e-01 2.189875526771312697e-01 -2.368100248089478055e-01 3.470050206712466667e-01 1.198736998289688938e+00 1.000000000000000000e+00
-1.300893241575499681e+00 -1.224461597849610672e-01 -1.184321732669989746e+00 -1.199188213182239338e+00 2.019494296389132248e+00 1.152018966079686013e+00 5.097164771268944961e-01 2.767242105891091208e-01 1.789831575121517693e+00 1.500016405667164765e+00 0.000000000000000000e+00
-4.377395440950362371e-01 -1.075343997319439193e+00 -4.436654067973268001e-01 -4.708871050491122423e-01 -4.601499090434499339e-01 -1.886728558660822619e-01 -7.778399287952354468e-01 -5.594812100620248918e-01 -2.748329027960539350e-01 -2.500821962988821756e-01 0.000000000000000000e+00
-7.792751797887447207e-01 -5.322164766891008814e-01 -8.512564035197985879e-01 -7.399570014306082744e-01 -3.312412533305649776e-01 -1.386916171730112834e+00 -1.159365732727001497e+00 -9.695171407562648280e-01 -1.315293742061602655e+00 -4.643253304339756138e-01 0.000000000000000000e+00
1.232680201388738794e+00 1.733643648440624241e-01 1.102052142849970107e+00 1.266216992833498978e+00 -6.916928447825192450e-01 -7.542772182494533739e-01 -6.263627045691024797e-01 5.724692326130855630e-02 -5.715268139928704194e-01 -1.326653945327728179e+00 1.000000000000000000e+00
-8.103238739427180981e-01 -1.927617762951386315e-01 -7.284270625210400585e-01 -8.506520779730476489e-01 2.213417103304046452e-01 1.017949783885108817e+00 -1.373417444689885858e-01 1.032123468209453082e-01 1.391530160090175938e+00 8.773722970870483362e-01 0.000000000000000000e+00
1.180320812610898551e-01 -1.763952103832904239e+00 8.077447611872071165e-02 1.455402407024993135e-02 -3.476627381347536239e-01 -4.714750370577679983e-01 -7.896181775293540372e-01 -1.494452793677846503e-01 -6.934558185943019426e-01 -1.603678838798111572e-01 0.000000000000000000e+00
6.458598818786392970e-01 1.005028380809268373e+00 6.742196067868796439e-01 5.914510350685039386e-01 -7.138618492681753080e-01 7.058199690883597555e-01 2.085511297481653370e-01 -2.590317196424146706e-01 -2.301256011088628206e-01 -1.039768998524606865e-02 0.000000000000000000e+00
-9.127845646508306876e-01 -1.466929240988158190e-01 -9.023202868563610091e-01 -8.835538891367952230e-01 -3.673685198997810875e-01 -5.950700643933934941e-01 -2.953790059647571908e-01 -8.663232428309882716e-01 -1.000679962006689738e-01 -1.925043540000757891e-01 0.000000000000000000e+00
-1.164278987298016377e+00 -1.806383941382121161e-01 -1.245046350691847437e+00 -1.078734124853942600e+00 -1.731172832887701629e+00 -1.631801912332394355e+00 -1.798223907735839733e+00 -1.952142221885445839e+00 -5.105623116921547133e-01 -9.128968925293280412e-01 0.000000000000000000e+00
-1.213956897944374003e+00 -4.958463302183186983e-01 -1.192602362400243532e+00 -1.128365670507731178e+00 1.146020591031746139e-01 1.129828040717155146e-01 -7.937927467009404658e-01 -6.958554468482306410e-01 2.616547174502439344e-01 6.872315155421537813e-01 0.000000000000000000e+00
-1.248110461513744607e+00 -8.886439121027603916e-01 -1.254247050392129248e+00 -1.157921534773470817e+00 1.075258920148248309e+00 -3.164575451452884547e-01 -4.340343391638747383e-01 -3.360466346131958937e-01 8.875569410709250873e-01 6.805364176004310428e-01 0.000000000000000000e+00
-7.699605715425523744e-01 -1.782137177068263134e-01 -8.139935697336583287e-01 -8.169137800847977582e-01 9.028333297042603345e-01 -3.575019492539304594e-02 -3.341428625580587508e-01 -9.769612701587632175e-02 4.770626255794394033e-01 6.550950454218892327e-01 0.000000000000000000e+00
-7.482264856347713433e-01 3.915852436687525806e-01 -7.288870975060537383e-01 -7.851272845537196066e-01 1.190209313777573330e+00 2.030605358586967668e-01 -3.729067191513603663e-01 1.780964143419420664e-01 1.763044142292422845e-01 5.158370082340784091e-01 0.000000000000000000e+00
7.327962255097654198e-01 -1.657266340851945019e+00 6.788199566370202165e-01 5.747213005784627127e-01 4.266102703827709397e-01 7.644752362984870153e-01 1.244738834838346353e+00 1.070312682244553448e+00 2.870935415920876643e+00 6.470609278918225682e-01 0.000000000000000000e+00
1.111590294188241845e+00 1.224461597849679506e-01 1.111252842550252362e+00 1.076613335279698713e+00 4.891611988641784287e-02 2.784744508431460930e-01 1.787327785225490129e-01 5.193364130859980943e-01 -4.455335092380583450e-01 -8.405898347587340558e-01 1.000000000000000000e+00
-1.266739678006128855e+00 -1.640293605832246815e+00 -1.197662747235398228e+00 -1.170190006732834354e+00 3.045837096650963804e+00 8.021821937907116506e-01 8.257910001184317617e-01 3.522170916671873431e-01 6.250400993457308485e-02 1.905739340935499238e+00 0.000000000000000000e+00
2.360171190461888835e-01 -5.613125938657255176e-01 4.397167731759471510e-02 8.955900036726791025e-02 -1.534115015237430324e+00 -1.487049092181687238e+00 -1.174573091852066042e+00 -8.669320563880694719e-01 8.916212412243068597e-01 -1.665425901178844814e+00 1.000000000000000000e+00
5.620284076629109560e-01 -8.280270013181243449e-01 4.672038635305452714e-01 5.245320971083391459e-01 -1.686013749676180451e+00 -1.213464167265879023e+00 -8.796695982307166650e-01 -8.574954462533097566e-01 1.478543131555747070e-01 -1.639984529000303004e+00 1.000000000000000000e+00
9.625565622491689677e-01 -2.024604820206810651e-01 8.996367494437774726e-01 9.511403266043896298e-01 -8.312754656181288171e-01 -3.709231504118353784e-01 8.768176536533386217e-03 5.846455037547148431e-02 1.814217376041804553e+00 -8.486239522888006093e-01 1.000000000000000000e+00
-3.352788533869236476e-01 -1.036549174417272123e+00 -3.746601590452153241e-01 -3.816618544355592224e-01 -4.511180924011459203e-01 -5.133716564935733029e-01 -8.534294491521738912e-01 -7.613029042344681141e-01 -1.976111998818146365e-01 -2.780494463372219088e-02 0.000000000000000000e+00
8.383617856332753471e-01 -1.317811640457983158e+00 7.800276533401164780e-01 7.782664035406305914e-01 -1.809846673722319832e-01 -5.196561494089440014e-01 -2.850476249548754629e-02 8.420075983390747920e-01 -7.300345199747318992e-01 -1.630459230565006468e-01 0.000000000000000000e+00
-1.272526025553006035e-01 -8.546984420633639834e-01 -1.814454653393030581e-01 -1.772802647488893601e-01 -1.153957642020447372e+00 -9.717206731212827409e-01 -1.006248499183459488e+00 -5.686134134182438959e-01 -6.755359497362078969e-02 -9.838649307115782117e-01 0.000000000000000000e+00
-5.370953653877510448e-01 -2.530149856150703425e+00 -4.942692551488749864e-01 -5.938506535509151529e-01 1.888122417955618637e+00 3.622676897147566466e-01 7.676452152284789499e-01 7.689499714893216487e-01 2.291403162231957225e-01 1.071530137396977889e+00 0.000000000000000000e+00
-4.625784994182150500e-01 -4.885723009241629833e-01 -5.540738032007047620e-01 -5.110384678252111179e-01 -5.529312981871199462e-01 -1.051952699340849673e+00 -1.278937321141724537e+00 -9.908256152541095041e-01 -1.185236137153408809e+00 -9.637796368864134378e-01 0.000000000000000000e+00
-9.220991728970225898e-01 1.927617762951464031e-01 -8.682776979653189509e-01 -9.479633669234538429e-01 3.937673007743925924e-01 2.159632663510802075e+00 6.916084196031563325e-01 -5.558283287195370237e-01 1.928017780336473752e+00 1.704886402683848612e+00 0.000000000000000000e+00
-1.061818296589903676e+00 -8.486367509845630860e-03 -1.040330782360584072e+00 -1.006517437638598134e+00 1.420110101036223149e+00 -2.410436301608388787e-01 -1.969784469202216504e-01 -5.838337523452759026e-01 -3.073473040231021192e-01 8.144383764348647192e-01 0.000000000000000000e+00
1.894017386868374286e+00 1.053521909436977877e+00 2.100328060330516777e+00 2.049726224783761985e+00 9.356762993126387373e-01 1.470433273791805773e+00 2.990603299098205436e+00 2.360997423256860461e+00 1.180186552114361076e+00 -5.324631681226493080e-02 0.000000000000000000e+00
6.769085760326132295e-01 4.134073315512215019e-01 7.662266037896949822e-01 6.249105040485862794e-01 -3.320623275707741406e-01 5.172851816272359127e-01 6.617900683775396198e-01 6.380550567168467024e-01 8.550425398438769031e-01 -3.048298381041075408e-02 0.000000000000000000e+00
-1.033874471851327526e+00 -1.308112934732441612e+00 -1.025149627855119538e+00 -1.034400328455333362e+00 -8.559076928245182639e-03 2.826641127867267067e-01 -7.857417918700239090e-01 -8.651056157168257599e-01 7.981423376965428584e-01 8.666601403802940418e-01 0.000000000000000000e+00
-2.638668568327844355e-01 -3.673384793548909455e-01 -1.768451154891619026e-01 -3.348185978634439786e-01 3.249463508222807939e-02 4.334919427556258587e-01 3.755338966116191779e-01 2.149296345453239124e-03 2.901048185239115118e-01 4.609372051119595692e-01 0.000000000000000000e+00
1.030863689387911508e+00 1.329935022614917584e+00 9.732423470460294102e-01 1.029212420891248536e+00 -9.125618153988650505e-01 -6.453460077163598596e-01 5.498662093623959274e-02 -3.163985607255762750e-02 -1.876167163228186219e+00 -9.062017945876070790e-01 0.000000000000000000e+00
6.862231842788045766e-01 2.848994806877929165e-01 7.294238049885684028e-01 5.719330114967892120e-01 -3.483345261503016069e-04 3.685521826301273451e-01 7.929908137702532667e-01 1.345662450106307473e-01 2.779119180637685815e-01 -3.598818025431179124e-01 0.000000000000000000e+00
-1.002825777697353704e+00 -1.279016817555816088e+00 -1.003527983559457271e+00 -9.688755350360053198e-01 5.661928912183805673e-01 -2.159056584993555850e-01 -8.024400685563692903e-01 -9.734744288772930743e-01 -6.589092672905015081e-03 -1.858092560583539110e-01 0.000000000000000000e+00
-4.749979770798042344e-01 2.121591877462294939e-01 -1.400423166880359060e-01 -4.917992731616637747e-01 6.729325424456105154e-01 3.628109174735776765e+00 2.473254905333755360e+00 1.621288951403108802e+00 2.379155097361770110e+00 2.457415411333365274e+00 0.000000000000000000e+00
3.109573762996367327e-02 -4.728119041201271633e-02 5.317237701787637383e-02 -5.800486225967052024e-03 -1.043933693832379772e+00 -2.284746443300975094e-01 -8.161565101201530004e-01 -2.852107025969095599e-01 8.062709380033040718e-01 -1.077596301895681563e+00 1.000000000000000000e+00
1.099170816526652716e+00 2.132502921403498952e+00 1.033046895097858631e+00 1.308041329058601931e+00 -6.580288009339316790e-01 -5.008026706628315727e-01 -2.238149630232770526e-01 6.150861816087753453e-02 -5.715268139928704194e-01 -7.964021883433712867e-01 0.000000000000000000e+00
6.117063183092685819e-01 1.036549174417279895e+00 5.960136593344865785e-01 5.245320971083391459e-01 -5.782353134081332641e-02 1.485949305921501207e-01 6.021533659263060834e-01 3.713947187152477070e-01 -3.097489359319087129e-02 -6.529749310736393531e-02 0.000000000000000000e+00
-1.685897049084771115e+00 -1.014727086534803258e+00 -1.759365463937585528e+00 -1.446509454726681465e+00 -2.483127550694081698e-01 -1.656311434702340657e+00 -1.861587904090275192e+00 -1.500402562531138129e+00 -1.181171837000028146e+00 2.441681931170617756e-02 0.000000000000000000e+00
3.198485932619172245e-01 -8.377257070436658903e-01 2.509874205739291431e-01 2.150320090425769104e-01 -4.305912363959092937e-01 -5.552682759293785519e-01 -5.771624250468350148e-01 -1.503584997034066451e-01 -4.170834081643907121e-01 -8.097923842268140993e-01 0.000000000000000000e+00
-2.856009427405659662e-01 -3.915852436687448646e-01 -2.918538617426810200e-01 -3.797100520783875943e-01 1.165577086571289778e+00 -1.321124196277455587e-01 -5.832311372110429021e-02 1.341234715145672024e-02 1.559829134623370306e-01 1.102662342826429311e-02 1.000000000000000000e+00
1.962324514007116605e+00 4.715995659044717181e-01 1.925514766025167246e+00 2.222600147847520802e+00 3.445028463618244330e-01 -2.075263346121948571e-01 1.179138462141989807e+00 1.721743188321519291e+00 -4.577264096982012753e-01 -1.021357479185219796e+00 1.000000000000000000e+00
2.651605524225328026e+00 -1.179605083869013082e+00 2.804181587402053477e+00 2.955920176327659910e+00 1.001362238529396764e+00 2.054891114921289397e+00 2.759511077099675802e+00 3.252909284380931076e+00 1.884973146893852147e-01 -1.978604323534529086e-01 1.000000000000000000e+00
9.346127375105928170e-01 1.092316732339144281e+00 9.410398980950432923e-01 7.922078489489983166e-01 -3.000404322026049009e-01 6.010784204988465218e-01 1.846964487676721056e-01 1.280353359437593985e+00 -1.407109977344794816e-01 -3.331014107762313436e-01 0.000000000000000000e+00
-1.897028169331790970e+00 -8.474244127692083239e-01 -1.837571411389978593e+00 -1.640295545902991980e+00 1.551481979469737649e+00 1.617071441817124144e+00 2.562604917091522161e-01 -6.322344301332372130e-01 1.163929351500836429e+00 2.251206394728337834e+00 0.000000000000000000e+00
1.372399325081619326e+00 -1.091104394123058874e-02 1.433277332060105991e+00 1.274581860078519480e+00 1.149155601767100077e+00 1.476717766707176471e+00 1.927579077904969740e+00 2.184441491703290161e+00 1.025743146285881258e+00 4.515640679935491453e-01 0.000000000000000000e+00
-5.246758877261619158e-01 -3.018722157074841816e-01 -4.758678557483116411e-01 -4.092659163441271231e-01 7.632507088686519836e-01 3.957849852634006682e-01 7.277258975252714514e-03 1.128149970167223112e-02 7.127920344755401816e-01 7.970311217863895736e-01 1.000000000000000000e+00
5.061407581857587656e-01 -8.607601331417980006e-02 4.810049130809674334e-01 4.464600028214801841e-01 -7.424501614500195190e-02 1.452574839757295351e-02 1.146233233874726642e-01 9.134048245786036135e-02 1.356614126954317767e-01 -1.831312168816653374e-01 0.000000000000000000e+00
2.608560743693682515e-01 -1.327510346183524703e+00 1.957832223722398290e-01 1.118653130206561791e-01 -1.086629554323272462e+00 -3.143627141734981478e-01 -6.367991274980684402e-01 -6.666323961083295835e-01 -7.706775215085424069e-01 -6.544661119788719450e-01 0.000000000000000000e+00
7.452157031713545488e-01 6.486009453956089743e-01 6.650189070865980545e-01 6.723114184370363455e-01 4.070537748432296460e-02 -8.273868191649333959e-01 2.055692946256039988e-01 1.884462448123239708e-01 -1.002342630251261468e+00 -1.175344731844818247e+00 1.000000000000000000e+00
6.986426619403948157e-01 -8.498490892005932107e-01 6.834203064871606781e-01 6.053924804768715529e-01 5.087176944037175019e-01 1.381207757331988084e-01 1.101610748955386132e+00 1.064224546673741001e+00 -3.520546057102943438e-01 -2.058945498835186017e-01 1.000000000000000000e+00
4.036800674776455655e-01 -1.165057025280700653e+00 3.705965166775888053e-01 3.293518613911917692e-01 -1.235094705575700974e-01 -1.363020815713256451e-01 -3.894118542445307307e-02 2.249750582372003760e-01 -3.154759043298644428e-01 5.734148505328847678e-01 0.000000000000000000e+00
2.188979981331122371e+00 -8.692465006516771897e-01 2.132530509281501896e+00 2.774681386018880591e+00 -1.094019222485157039e+00 -5.154664874653632767e-01 3.129153590378239702e-01 6.898042090687555028e-01 -1.294972241294697346e+00 -1.464572962927195077e+00 1.000000000000000000e+00
3.477924180004933197e-01 -4.231060372767561639e-01 3.475947674268849430e-01 2.847392360844152592e-01 3.362921039597306927e-01 -2.808454186248541262e-01 7.735038435545214808e-02 3.065560748860915452e-01 -2.016755000351952432e-01 -4.388839582554338037e-01 0.000000000000000000e+00
3.912605898160564366e-01 2.197969185050905772e+00 3.475947674268849430e-01 2.819509470027417031e-01 -3.131776200459557846e-01 -5.741217546754908696e-01 -3.609793786611137367e-01 -2.894723974964785729e-01 -2.219970008021004970e-01 -9.048627749992622649e-01 0.000000000000000000e+00
1.356874978004632304e+00 1.576039680400911913e-02 1.322868935656727363e+00 1.475338673959013969e+00 6.811432848477054769e-01 -4.672853751141873291e-01 1.374448662669779386e+00 1.657817764827985485e+00 -7.462917205882554361e-01 -8.646921873489320509e-01 0.000000000000000000e+00
-1.033874471851327526e+00 3.649138029235119984e-01 -1.087714385817033946e+00 -9.872782429750507349e-01 3.280813615576358422e-01 -1.152714069083961235e+00 -1.118216408035650478e+00 -8.574954462533097566e-01 -1.937131665528902147e+00 -1.050815910128795050e+00 0.000000000000000000e+00
1.056126035995007123e-01 7.164918854744015686e-01 3.477097761731305636e-02 4.661934850949556175e-02 -8.148539808139390050e-01 -9.731870548015358890e-01 -6.144353640788559057e-01 -5.183862949590386515e-01 -1.973710366909332103e+00 -9.450333626495925898e-01 1.000000000000000000e+00
-4.936271935721884829e-01 1.082618026613602735e+00 -6.161785261776054901e-01 -5.294411757642564220e-01 -1.958610397425722960e+00 -1.797503042201004320e+00 -1.698630614642279602e+00 -1.694918494018606170e+00 -1.339679542981888405e+00 -1.169988653491441211e+00 0.000000000000000000e+00
-4.749979770798042344e-01 5.297918002577227670e-01 -5.172710043995787377e-01 -4.984911669576801985e-01 -1.136715082976049729e+00 -1.066197549949023493e+00 -8.480621459315629274e-01 -1.265704936276305981e+00 3.470050206712466667e-01 -8.606751285838996068e-01 0.000000000000000000e+00
-1.105286468405466183e+00 5.758606524540456073e-01 -1.085414210891963105e+00 -1.061446732547566496e+00 2.295524527324995234e-01 -1.467762364302769573e-01 -5.309439806471292211e-01 -6.212757861057742748e-01 -4.821122106184870804e-01 1.056800921925190373e+00 0.000000000000000000e+00
-1.446822104099175332e+00 2.098557451364102544e+00 -1.510486537044970268e+00 -1.279769767642604306e+00 -8.362019110593847948e-01 -1.581525969009428101e+00 -1.344835877350337272e+00 -1.371638495208448161e+00 3.388764203644843431e-01 3.819350493996446771e-01 0.000000000000000000e+00
6.303355348016522752e-01 1.177180407437635079e+00 7.156227554381467959e-01 5.133789407816449213e-01 5.169284368058123524e-01 8.273201654521948889e-01 9.256824767242475271e-01 8.267872594120428964e-01 5.843970978119135407e-02 1.609968173228293886e-01 0.000000000000000000e+00
-5.433051042185461643e-01 2.147050979991811381e+00 -5.632745029009864624e-01 -5.840916417650577896e-01 -7.155039977485935232e-01 -6.704839793778428758e-01 -2.118876225330300345e-01 -5.917483285873323950e-01 -7.097130192078267008e-01 -2.192847457669623301e-01 0.000000000000000000e+00
-1.520915578784799993e-01 1.407524668419251723e+00 -1.354419668378953889e-01 -1.797897249223954497e-01 -1.128504340573954767e+00 -5.259406423243145889e-01 -7.530906972779737307e-01 -1.051706970962237309e+00 -7.974649543376370608e-02 -3.130161169510657371e-01 0.000000000000000000e+00
2.577512049539704142e-01 1.279016817555823859e+00 1.957832223722398290e-01 1.759959618991474295e-01 -6.416073161297418670e-01 -7.249495846443897440e-01 -6.427627977431917827e-01 -4.228025664972780429e-01 -1.813539992682899893e-01 8.601172037554591365e-02 0.000000000000000000e+00
-1.791462609208281043e+00 -4.715995659044648347e-01 -1.640676437803953780e+00 -1.571982463401990548e+00 3.267527141507517552e+00 3.052030657493453703e+00 1.337175723637758384e+00 6.319669211460341440e-01 2.793713713006636290e+00 4.653407536218075791e+00 0.000000000000000000e+00
5.558186688321163915e-01 -6.582996511211436363e-01 5.132073620319529406e-01 4.520365809848272409e-01 -9.716791606939463311e-01 -3.038885593145467801e-01 -4.534162674605255461e-01 1.418720076956061782e-01 -7.422274204348748849e-01 -6.718733666273480898e-01 0.000000000000000000e+00
-1.468556190006956363e+00 4.158320079826064997e-01 -1.346714082379958821e+00 -1.321594103867707259e+00 1.305159707406898129e+00 2.124020536990367969e+00 1.126956347497160449e+00 3.015471997119210240e-02 4.892555260395834438e-01 2.643539134113228606e+00 0.000000000000000000e+00
-4.160054581872547064e-01 3.940099201001375229e-01 -4.390650569471856723e-01 -4.661470136102671136e-01 -1.534936089477639376e+00 -7.961738376852587340e-01 -7.802253968932849615e-01 -9.375544290094977029e-01 -2.545114020291486812e-01 -1.246312770027068417e+00 0.000000000000000000e+00
-3.290691145561290831e-01 -3.988592729629014122e-01 -2.366496635409923721e-01 -4.212555593953234978e-01 1.173787828973384517e+00 1.340553753540809190e+00 3.054607712314197365e-01 5.589092942962810007e-01 1.033871746592643692e+00 1.455828759251801996e+00 1.000000000000000000e+00
-1.676159049554669656e-01 -2.291319227659207591e-01 -1.492430163883175509e-01 -1.262545745542635045e-01 7.714614512707468341e-01 1.569742544793108208e-01 1.175001165909514422e-02 2.210177701161723518e-01 3.470050206712466667e-01 8.199466161051260915e-02 0.000000000000000000e+00
4.409385004624140625e-01 -5.031203595124753569e-01 4.073993154787147741e-01 4.018473775147036187e-01 -6.818399539000060683e-01 -6.621046554906818704e-01 -4.043210298573415851e-02 -2.170235842038063800e-01 -8.641564250363064081e-01 -7.629266986347629231e-01 0.000000000000000000e+00
-1.661058093761592414e+00 -8.789452063772187351e-01 -1.624575213328460777e+00 -1.420020708450782987e+00 6.729325424456105154e-01 2.805692818149366774e-01 -4.459616796541213679e-01 -9.929564627038939273e-01 1.590680867605846815e+00 2.049014436888343393e+00 0.000000000000000000e+00
-3.290691145561290831e-01 -1.077768673750824968e+00 -2.872535118925405029e-01 -3.978339311092655706e-01 1.063913167010797356e-01 3.706470136019179296e-01 -2.431968913199278604e-01 -2.106310418544529162e-01 3.591979211313895970e-01 3.297132854542153546e-01 0.000000000000000000e+00
-6.830242279114266957e-01 6.970944740233175896e-01 -8.144536047186718974e-01 -7.000844675626768376e-01 -7.253568886311079211e-01 -1.820336699793518198e+00 -1.904377238099035141e+00 -1.687917138112171367e+00 -1.400644045282604333e+00 -1.024035518361908537e+00 0.000000000000000000e+00
-1.937391471731956694e+00 -2.364059520600765019e-01 -1.901976309291948830e+00 -1.613806799627093502e+00 1.641800145892779117e+00 -3.436903477785617778e-01 -7.053813353169867684e-01 -8.447103615546031063e-01 -5.942499466685845222e-02 8.050652393164543508e-01 0.000000000000000000e+00
-1.248110461513744607e+00 -1.248708362163468838e-01 -1.280009009552917520e+00 -1.166565230926658758e+00 -4.568656120826122269e-01 -7.019064439546968126e-01 -1.030550455432337253e+00 -9.716479882060492512e-01 -6.650057175206344207e-01 -1.228753354061703496e-01 0.000000000000000000e+00
-6.488706643420559805e-01 -7.395263115725242420e-02 -7.353275872962508064e-01 -6.610484204192473845e-01 -9.971324621404401567e-01 -1.411844660294417020e+00 -1.478720274353356512e+00 -1.555500189446993753e+00 -1.193364737460171021e+00 -7.830119924599275860e-01 1.000000000000000000e+00
-9.127845646508306876e-01 -4.243183754924193668e-02 -7.739705260374334372e-01 -8.481426177995411431e-01 1.802879983199313918e-01 1.311226119935745782e+00 9.212097240404050202e-01 6.363946561066202712e-02 1.600472136157176373e-01 1.370131505597764310e+00 1.000000000000000000e+00
3.151912891387559455e-03 5.322164766891077647e-01 4.397167731759471510e-02 -5.710500532875999874e-02 3.609243311660141895e-01 9.383462069570788211e-01 2.607332443929946120e-01 -1.521849403746506069e-01 7.063261024133540844e-02 2.922207369805736032e-01 0.000000000000000000e+00
5.930771018168848885e-01 9.613842050443306420e-01 7.294238049885684028e-01 5.078023626182979200e-01 1.543271237067642909e+00 8.566477990572588519e-01 6.260080469067997866e-01 1.901343187660496481e+00 -1.120207334699312440e+00 1.279078173590349365e+00 1.000000000000000000e+00
-8.600017845890758350e-01 -6.195048282189765665e-01 -8.632173131301641433e-01 -8.570651428608966338e-01 -4.256647909546532604e-01 -5.049923326064122975e-01 -8.622258627637308104e-01 -7.929612092026945280e-01 -1.244537971209548205e-01 1.623358369111732036e-01 0.000000000000000000e+00
-7.202826608961951926e-01 -1.371154521948462657e+00 -6.718427593643084839e-01 -7.455335795939552757e-01 1.108101889756626601e+00 5.591818010630411617e-01 2.577514092704332738e-01 1.458292958166346465e-01 1.005421645518976170e+00 6.684852413053329334e-01 0.000000000000000000e+00
4.564628475394010843e-01 -1.262044082536117884e+00 3.751968665277299331e-01 3.544464631262535526e-01 2.213417103304046452e-01 -5.908804024498128804e-01 -8.963238250800170670e-02 6.729234695314996462e-02 2.291403162231957225e-01 -7.467063022577435927e-02 0.000000000000000000e+00
8.073130914793014146e-01 6.776970625722344987e-01 7.892283530403988445e-01 6.750997075187098462e-01 -9.887724335128544872e-02 4.334919427556258587e-01 1.532485924165547964e+00 9.272414963304534963e-01 1.188315152421123289e+00 -2.085725890602080912e-01 0.000000000000000000e+00
-1.372305238129638782e+00 3.515780825509223079e-02 -1.450221954008126035e+00 -1.236830115784831818e+00 -9.979535363806493198e-01 -1.688362348570731752e+00 -1.559528006174777826e+00 -1.747276459927595837e+00 -1.319358042214983096e+00 -2.728455293007354676e-01 0.000000000000000000e+00
-1.673477571423181542e+00 -1.392976609830932411e+00 -1.575811504916969197e+00 -1.443999994553175403e+00 5.251391792079072030e-01 6.660181806243450353e-01 2.115329648707270915e-01 -3.132161262226484388e-01 3.122922025430501236e+00 1.475914053076966770e+00 0.000000000000000000e+00
7.452157031713545488e-01 -1.012302410103418149e+00 8.030294025908203404e-01 7.364420673155276376e-01 7.632507088686519836e-01 5.947939275834758233e-01 1.477321974398157378e+00 1.344278782931127791e+00 4.770626255794394033e-01 -2.500821962988821756e-01 1.000000000000000000e+00
5.558186688321163915e-01 4.352294194336904787e-01 4.027989656285742570e-01 2.233968762875974956e-01 1.403688616232034336e+00 4.816730551068018618e-01 8.973550430599118721e-01 9.455059030428919487e-01 1.891439078956043796e+00 3.658668143395132910e-01 0.000000000000000000e+00
3.114231067119533236e+00 -1.103227776280336914e-01 3.167609225563174036e+00 3.625109555929307614e+00 5.497714064141907553e-01 1.114312008587460712e+00 2.018525049143100603e+00 3.146366911891707474e+00 -4.455335092380583450e-01 -6.678563078623147575e-01 1.000000000000000000e+00
-5.929830148649037902e-01 2.060974966677989878e-02 -6.589617797839142366e-01 -6.671826563989289305e-01 -9.963113879002309936e-01 -6.914322890957455003e-01 -1.460531080105730517e+00 -1.577113070723379140e+00 -7.422274204348748849e-01 6.458740696203740805e-02 0.000000000000000000e+00
-1.505814622991724860e+00 1.099590761633300717e+00 -1.476443948153927987e+00 -1.317411670245197008e+00 5.712686228851272807e-02 -6.088816658687633970e-02 -6.442537153044726184e-01 -1.181688665399089677e+00 1.356614126954317767e-01 8.947795517355253692e-01 1.000000000000000000e+00
6.179160571400631463e-01 4.000716111786301044e-02 6.558182073863163541e-01 5.524149879250743744e-01 -1.434765032172084842e+00 9.622415629739350384e-02 -6.010171060273283850e-01 -5.089496848242787141e-01 -5.796554142996327430e-01 -9.905600286533000620e-01 0.000000000000000000e+00
-1.049398818928314103e+00 3.455163914724289076e-01 -9.975475287542745484e-01 -9.817016648117037336e-01 2.430031416493864782e+00 8.084666867060829043e-01 6.095029118136269242e-02 2.228442107874158973e-01 1.387465859936794166e+00 1.542865032494183497e+00 0.000000000000000000e+00
7.145904003013002492e-02 7.843828255531933857e-01 5.777272686801687707e-02 -5.242828409632218495e-03 -1.727739249701382429e-01 -4.945181777474609297e-01 2.458240687801862556e-01 -5.622208710688905153e-01 -2.445169184701533549e+00 -5.393104273812591165e-01 0.000000000000000000e+00
8.104179608946991964e-01 -1.854877470009828888e-01 7.570259040894127267e-01 7.810546926223042030e-01 -7.286411855919455727e-01 -1.593452222610189095e-01 -3.654521313449561881e-01 7.520692319520644320e-02 7.493707358559700271e-01 -9.209310100593945947e-01 0.000000000000000000e+00
-1.353676021637254534e+00 1.212338215695924750e-03 -1.287369569313142614e+00 -1.245473811938019759e+00 5.005069520016226514e-01 8.734064468315808627e-01 2.652059970768375075e-01 -4.818574815341618023e-01 8.672354403040198889e-01 1.319248761240678913e+00 0.000000000000000000e+00
1.869178431545196029e+00 1.126262202378540467e+00 1.851909168422915419e+00 2.007901888558658587e+00 -6.251858313255532762e-01 6.283112231321198449e-01 6.453899752034505388e-01 1.195119461446215281e+00 -2.524792519524414469e-03 5.387525025528129563e-02 0.000000000000000000e+00
3.420060704536150714e-02 -1.271742788261660317e+00 -1.123252088409460066e-02 -6.045095222676805102e-02 -1.563524401659484864e-01 -7.144754297854384317e-01 -3.743976367126414795e-01 -2.768256795152959290e-02 -3.926976072441049070e-01 -8.780823832323757516e-01 0.000000000000000000e+00
7.327962255097654198e-01 1.562703960027920003e+00 9.364395482449028307e-01 7.169240437438129110e-01 -8.296333171377093807e-01 1.426441823384210439e+00 3.978976600308317679e-01 9.120211574034216007e-01 -6.755359497362078969e-02 -4.922925804723162629e-02 1.000000000000000000e+00
-5.153612794799700136e-01 2.724123970661546768e+00 -4.390650569471856723e-01 -5.715443408975269257e-01 2.952383919492574393e-01 5.382334913451385372e-01 3.486973805085641920e-01 -1.367985613866016040e-02 7.371778353958271524e-01 5.104809298807012619e-01 0.000000000000000000e+00
-4.905223241567912007e-01 -7.140672090430089103e-01 -6.092780014023940760e-01 -5.333447804785993451e-01 -1.995558738235149399e+00 -1.718737397661690425e+00 -1.634372067751075797e+00 -1.703746290596284796e+00 -1.473801448043462914e+00 -1.105715713250912779e+00 0.000000000000000000e+00
1.415867496897182498e+00 -3.236943035899531029e-01 1.566687477714188370e+00 1.508798142939096421e+00 -7.138618492681753080e-01 1.212769064261603358e+00 1.010664777717255269e+00 7.415533614206637480e-01 -7.666132213551607455e-01 -1.001120024043161832e-01 1.000000000000000000e+00
7.824741361561231567e-01 -7.916568548473430500e-01 7.478252043891316925e-01 6.750997075187098462e-01 -7.424501614500195190e-02 -6.298299755866695882e-02 2.666969146381181766e-01 6.045703110773767985e-01 -5.942499466685845222e-02 -5.433274861462914496e-01 0.000000000000000000e+00
7.265864866789708554e-01 -8.304516777495101199e-01 7.478252043891316925e-01 7.448069345605482505e-01 1.009572980931491504e+00 5.445179842605097909e-01 1.013646612839817163e+00 6.624075990000980463e-01 -4.780479104651065292e-01 3.792570102229551599e-01 1.000000000000000000e+00
9.221932598490036881e-01 -6.461762689642163160e-01 8.214308019913836301e-01 9.037394122159395637e-01 -1.847765374997446086e+00 -1.101181227177921107e+00 -5.398894860148140129e-01 -2.185456180965098250e-01 7.469691039471601512e-02 -1.570355510406397537e+00 0.000000000000000000e+00
-4.031625892417552842e-02 -3.212696271585672725e-01 -6.643671908578391294e-02 -8.721852741083403748e-02 7.550399664665571331e-01 -6.830529652085844949e-01 -1.359558688267917259e-02 4.535845489212199100e-01 -7.422274204348748849e-01 -2.648114117706697468e-01 0.000000000000000000e+00
7.731595279099306994e-01 -1.563916298243573644e-01 7.662266037896949822e-01 6.806762856820569585e-01 -3.887164501452268772e-01 -9.021580019194028188e-02 5.156801473720176165e-01 7.872143782017595459e-01 7.005991340153971958e-01 -7.415023852212534461e-01 1.000000000000000000e+00
-6.550804031728505450e-01 8.280270013181312283e-01 -7.012849984052094143e-01 -6.504529219088877046e-01 -2.498056173243380293e-02 -8.487540950771942372e-01 -4.206160811123472731e-01 -5.756147693246784769e-01 -1.067371432705357837e+00 2.614232864486547014e-01 1.000000000000000000e+00
1.496594101697513945e+00 -1.030487483338779486e-01 1.562087127864046687e+00 1.483703541204034471e+00 2.952383919492574393e-01 1.198105247459071210e+00 1.387866920721306574e+00 1.998753356793501190e+00 -3.479903055569126269e-01 -1.724190601749101548e-01 1.000000000000000000e+00
-8.041141351119235336e-01 2.339812756286984430e-01 -8.866790973658822406e-01 -7.951651252477440757e-01 -1.304214227978780505e+00 -1.505064638539083566e+00 -1.011019435379558296e+00 -9.658642594137770709e-01 -1.148657435772978852e+00 -1.141869242136209772e+00 0.000000000000000000e+00
2.484365967077780124e-01 -4.037086258256721849e-01 2.095842719226620188e-01 1.166054044595013078e-01 7.354834709270134663e-02 -1.635348842045995510e-01 -4.713072781958956847e-01 1.156930247411112889e-01 3.348121202111026262e-01 -2.674894509473583204e-01 0.000000000000000000e+00
3.109573762996367327e-02 -2.170085406089933833e-01 -2.503357043451676436e-02 -3.145274577736336535e-02 -1.891954097743268615e-01 -5.406044591268466259e-01 -5.965443533434859891e-01 -2.037680526655414465e-02 -6.528128170604914349e-01 -5.982272892684092902e-01 0.000000000000000000e+00
-9.966160388665590286e-01 -6.558749746897578614e-01 -1.017789068094893778e+00 -9.769615733728586049e-01 2.706061647429727768e-01 -5.217509803807343083e-01 -5.831260952919582463e-01 -6.030113793933358224e-01 -9.779568293309756077e-01 3.685448535162009209e-01 1.000000000000000000e+00
1.739197307382420732e-01 1.383277904105397749e+00 1.865825226719581842e-01 8.844368473459855717e-02 -2.245016021033338360e-01 -1.425865744866968987e-01 2.696787497606799033e-01 -4.594697466396757690e-02 -7.991276225822089296e-01 -4.723594479640422228e-01 1.000000000000000000e+00
1.273466895072822569e-01 2.436799813542399884e-01 2.647884701243513050e-01 8.537656674475761764e-02 -8.058221641716349914e-01 1.302846796048584554e+00 9.227006416016861889e-01 4.797635318757148548e-01 -8.682207251896869593e-01 1.473236013900279140e+00 0.000000000000000000e+00
-1.551964272938767264e-01 -5.152437416694026773e-01 -2.826531620424000413e-01 -2.573041613929195615e-01 -2.277187202626995699e+00 -1.405350684281867046e+00 -1.717863451182802592e+00 -1.868125951008229313e+00 -2.585757021825303981e-01 -1.263720024675544673e+00 0.000000000000000000e+00
1.055702644711089766e+00 -2.630773928053170563e-01 1.129654241950815763e+00 1.032000709972922037e+00 4.758747247953390991e-01 5.487076462040898495e-01 1.000228354788289309e+00 8.420075983390747920e-01 -2.504471018757680745e-01 -6.261945393067536170e-02 1.000000000000000000e+00
-5.370953653877510448e-01 3.940099201001375229e-01 -4.344647070970451552e-01 -6.094650724082869564e-01 1.280527480200614576e+00 1.022139445828689430e+00 7.646633801059176117e-01 2.315336406475717451e-02 -4.170834081643907121e-01 1.090276411633798848e+00 0.000000000000000000e+00
8.383617856332753471e-01 -5.006956830810894710e-01 7.938287028905393061e-01 7.364420673155276376e-01 8.175908949479622490e-02 -1.509658983738575988e-01 -1.582145903269200626e-01 3.004679393152789868e-01 -4.374049089312959659e-01 -1.081461199343827922e-01 0.000000000000000000e+00
-6.116122313572874836e-01 2.011269099834227081e+00 -4.528661064976078343e-01 -6.496164351843858320e-01 1.720772559178376515e-01 1.476717766707176471e+00 1.539940511971952031e+00 2.998591257581975644e-01 8.875569410709250873e-01 1.182668763229557385e+00 0.000000000000000000e+00
9.128786516028113418e-01 1.436620785595877248e+00 8.260311518415242027e-01 8.674916541541837223e-01 -4.026747122287880898e-01 -7.291392465879701357e-01 -1.149779810497760235e-01 4.100543795899085908e-01 -6.406199166003485601e-01 -9.852039502999229148e-01 0.000000000000000000e+00
2.856950296925465094e-01 9.322880878677060057e-01 2.509874205739291431e-01 5.665718920352034310e-02 -3.312412533305649776e-01 6.995354761729890569e-01 9.838282616142003389e-01 3.878326847564421698e-01 6.233774311011579528e-01 -1.001120024043161832e-01 0.000000000000000000e+00
2.856950296925465094e-01 2.100982127795487653e+00 1.175772749198466943e-01 9.625089416328433400e-02 -1.351015459670720009e+00 -9.595706534848992275e-01 -1.335443096714268085e+00 -8.663232428309882716e-01 -1.246200639454124515e+00 -1.072240223542304527e+00 1.000000000000000000e+00
-4.377395440950362371e-01 -1.266893435398888768e+00 -5.080703046992971483e-01 -5.043465740291946942e-01 -4.946350271322477732e-01 -1.003562103892494450e+00 -1.178300385755268076e+00 -1.208172055132125333e+00 -7.974649543376370608e-02 -7.749778749298619207e-01 0.000000000000000000e+00
1.630103486559600023e+00 1.235372641790886128e+00 1.718499022768832818e+00 1.545045901000852373e+00 1.510428267459264395e+00 1.466243611848225159e+00 3.074094682529932232e+00 3.036780471617078092e+00 2.497019801809821082e+00 -5.634127799714571116e-01 0.000000000000000000e+00
1.807081043237249052e+00 2.799288940034494022e+00 2.003720713477560977e+00 2.105492006417232442e+00 1.067048177746153348e+00 1.185536261628330035e+00 2.179544145761430851e+00 2.062678780287034996e+00 -4.495978093914388962e-01 9.538485749395635149e-02 0.000000000000000000e+00
8.104179608946991964e-01 -4.522021544533808557e-01 7.800276533401164780e-01 7.949961380306718173e-01 -5.077722149755997672e-01 -6.390615148009888280e-01 1.220779111938768563e-01 7.946861809477542837e-02 -1.177107536846646374e+00 -7.200780718077440801e-01 0.000000000000000000e+00
-7.668557021271550367e-01 7.116425326116307959e-01 -6.424005203234075534e-01 -8.152408066357936800e-01 1.206630798581763031e+00 1.529088541001933033e+00 3.158971941603856970e-01 3.108177697856605026e-01 6.884062335552543210e-01 1.643291501620008921e+00 0.000000000000000000e+00
-6.162695354803742961e-03 1.664540370146109005e+00 -1.492430163883175509e-01 -9.641988138035688383e-02 -1.082524183122224315e+00 -1.501084459692682227e+00 -1.280428238703005261e+00 -1.027658835457526676e+00 -4.739836103117259225e-01 -1.174005712256473544e+00 0.000000000000000000e+00
