20.29 14.34 135.1 1297 0.1003 0.1328 0.198 0.1043 0.1809 0.05883 1
12.75 15.29 84.6 502.7 0.1189 0.1569 0.1664 0.07666 0.1995 0.07164 1
13.71 20.83 90.2 577.9 0.1189 0.1645 0.09366 0.05985 0.2196 0.07451 1
14.54 27.54 96.73 658.8 0.1139 0.1595 0.1639 0.07364 0.2303 0.07077 1
16.13 20.68 108.1 798.8 0.117 0.2022 0.1722 0.1028 0.2164 0.07356 1
21.16 23.04 137.2 1404 0.09428 0.1022 0.1097 0.08632 0.1769 0.05278 1
19.07 24.81 128.3 1104 0.09081 0.219 0.2107 0.09961 0.231 0.06343 1
18.65 17.6 123.7 1076 0.1099 0.1686 0.1974 0.1009 0.1907 0.06049 1
15.1 22.02 97.26 712.8 0.09056 0.07081 0.05253 0.03334 0.1616 0.05684 1
19.21 18.57 125.5 1152 0.1053 0.1267 0.1323 0.08994 0.1917 0.05961 1
14.25 22.15 96.42 645.7 0.1049 0.2008 0.2135 0.08653 0.1949 0.07292 1
12.68 23.84 82.69 499 0.1122 0.1262 0.1128 0.06873 0.1905 0.0659 1
13.8 15.79 90.43 584.1 0.1007 0.128 0.07789 0.05069 0.1662 0.06566 1
19.1 26.29 129.1 1132 0.1215 0.1791 0.1937 0.1469 0.1634 0.07224 1
20.77 22.83 137.4 1336 0.1033 0.1515 0.1637 0.1015 0.18 0.05641 1
17.95 20.01 114.2 982 0.08402 0.06722 0.07293 0.05596 0.2129 0.05025 1
19 18.91 123.4 1138 0.08217 0.08028 0.09271 0.05627 0.1946 0.05044 1
20.29 21.49 132.8 1291 0.09258 0.1205 0.1523 0.08636 0.2356 0.05635 1
17.68 20.74 117.4 963.7 0.1115 0.1665 0.1855 0.1054 0.1971 0.06166 1
19.59 18.15 130.7 1214 0.112 0.1666 0.2508 0.1286 0.2027 0.06082 1
