18.02 27.6 117.5 1013 0.09489 0.1036 0.1086 0.07055 0.1865 0.06333 0
17.99 10.38 122.8 1001 0.1184 0.2776 0.3001 0.1471 0.2419 0.07871 0
21.37 17.44 137.5 1373 0.08836 0.1189 0.1255 0.0818 0.2333 0.0601 0
11.42 20.38 77.58 386.1 0.1425 0.2839 0.2414 0.1052 0.2597 0.09744 0
18.98 19.61 124.4 1112 0.09087 0.1237 0.1213 0.0891 0.1727 0.05767 0
13 21.82 87.5 519.8 0.1273 0.1932 0.1859 0.09353 0.235 0.07389 0
12.46 24.04 83.97 475.9 0.1186 0.2396 0.2273 0.08543 0.203 0.08243 0
16.02 23.24 102.7 797.8 0.08206 0.06669 0.03299 0.03323 0.1528 0.05697 0
15.78 17.89 103.6 781 0.0971 0.1292 0.09954 0.06606 0.1842 0.06082 0
15.85 23.95 103.7 782.7 0.08401 0.1002 0.09938 0.05364 0.1847 0.05338 0
14.68 20.13 94.74 684.5 0.09867 0.072 0.07395 0.05259 0.1586 0.05922 0
15.34 14.26 102.5 704.4 0.1073 0.2135 0.2077 0.09756 0.2521 0.07032 0
16.65 21.38 110 904.6 0.1121 0.1457 0.1525 0.0917 0.1995 0.0633 0
17.14 16.4 116 912.7 0.1186 0.2276 0.2229 0.1401 0.304 0.07413 0
14.58 21.53 97.41 644.8 0.1054 0.1868 0.1425 0.08783 0.2252 0.06924 0
18.61 20.25 122.1 1094 0.0944 0.1066 0.149 0.07731 0.1697 0.05699 0
15.3 25.27 102.4 732.4 0.1082 0.1697 0.1683 0.08751 0.1926 0.0654 0
17.57 15.05 115 955.1 0.09847 0.1157 0.09875 0.07953 0.1739 0.06149 0
11.84 18.7 77.93 440.6 0.1109 0.1516 0.1218 0.05182 0.2301 0.07799 0
17.02 23.98 112.8 899.3 0.1197 0.1496 0.2417 0.1203 0.2248 0.06382 0
19.27 26.47 127.9 1162 0.09401 0.1719 0.1657 0.07593 0.1853 0.06261 0
16.13 17.88 107 807.2 0.104 0.1559 0.1354 0.07752 0.1998 0.06515 0
16.74 21.59 110.1 869.5 0.0961 0.1336 0.1348 0.06018 0.1896 0.05656 0
14.25 21.72 93.63 633 0.09823 0.1098 0.1319 0.05598 0.1885 0.06125 0
14.99 25.2 95.54 698.8 0.09387 0.05131 0.02398 0.02899 0.1565 0.05504 0
13.48 20.82 88.4 559.2 0.1016 0.1255 0.1063 0.05439 0.172 0.06419 0
13.44 21.58 86.18 563 0.08162 0.06031 0.0311 0.02031 0.1784 0.05587 0
10.95 21.35 71.9 371.1 0.1227 0.1218 0.1044 0.05669 0.1895 0.0687 0
13.28 20.28 87.32 545.2 0.1041 0.1436 0.09847 0.06158 0.1974 0.06782 0
13.17 21.81 85.42 531.5 0.09714 0.1047 0.08259 0.05252 0.1746 0.06177 0
13.17 18.66 85.98 534.6 0.1158 0.1231 0.1226 0.0734 0.2128 0.06777 0
14.71 21.59 95.55 656.9 0.1137 0.1365 0.1293 0.08123 0.2027 0.06758 0
14.78 23.94 97.4 668.3 0.1172 0.1479 0.1267 0.09029 0.1953 0.06654 0
17.2 24.52 114.2 929.4 0.1071 0.183 0.1692 0.07944 0.1927 0.06487 0
19.55 15.49 128 1156 0.1079 0.1747 0.2352 0.1196 0.2616 0.06752 0
15.06 19.83 100.3 705.6 0.1039 0.1553 0.17 0.08815 0.1855 0.06284 0
14.42 19.77 94.48 642.5 0.09752 0.1141 0.09388 0.05839 0.1879 0.0639 0
14.19 26.02 96.29 632.4 0.105 0.1836 0.2013 0.07798 0.1894 0.06625 0
13.11 15.56 87.21 530.2 0.1398 0.1765 0.2071 0.09601 0.1925 0.07692 0
14.87 16.67 98.64 682.5 0.1162 0.1649 0.169 0.08923 0.2157 0.06768 0
15.78 22.91 105.7 782.6 0.1155 0.1752 0.2133 0.09479 0.2096 0.07331 0
18.66 17.12 121.4 1077 0.1054 0.11 0.1457 0.08665 0.1966 0.06213 0
24.25 20.2 166.2 1761 0.1447 0.2867 0.4268 0.2012 0.2655 0.06877 0
19.79 25.12 130.4 1192 0.1015 0.1589 0.2545 0.1149 0.2202 0.06113 0
16.16 21.54 106.2 809.8 0.1008 0.1284 0.1043 0.05613 0.216 0.05891 0
12.77 22.47 81.72 506.3 0.09055 0.05761 0.04711 0.02704 0.1585 0.06065 0
14.95 17.57 96.85 678.1 0.1167 0.1305 0.1539 0.08624 0.1957 0.06216 0
16.11 18.05 105.1 813 0.09721 0.1137 0.09447 0.05943 0.1861 0.06248 0
11.8 16.58 78.99 432 0.1091 0.17 0.1659 0.07415 0.2678 0.07371 0
19.89 16.89 130.2 1229 0.1005 0.1134 0.1498 0.1121 0.173 0.06147 0
23.27 22.04 152.1 1686 0.08439 0.1145 0.1324 0.09702 0.1801 0.05553 0
16.78 18.8 109.3 886.3 0.08865 0.09182 0.08422 0.06576 0.1893 0.05534 0
18.98 24.12 122 1030 0.1198 0.1612 0.2119 0.1155 0.2375 0.06542 0
13.43 19.63 85.84 565.4 0.09048 0.06288 0.05858 0.03438 0.1598 0.05671 0
15.46 11.89 102.5 736.9 0.1257 0.1555 0.2032 0.1097 0.1966 0.07069 0
21.09 26.57 142.7 1311 0.1141 0.2832 0.2487 0.1496 0.2395 0.07398 0
15.7 20.31 101.2 766.6 0.09597 0.08799 0.06593 0.05189 0.1618 0.05549 0
15.28 22.41 98.92 710.6 0.09057 0.1052 0.05375 0.03263 0.1727 0.06317 0
18.31 18.58 118.6 1041 0.08588 0.08468 0.08169 0.05814 0.1621 0.05425 0
14.22 23.12 94.37 609.9 0.1075 0.2413 0.1981 0.06618 0.2384 0.07542 0
14.86 23.21 100.4 671.4 0.1044 0.198 0.1697 0.08878 0.1737 0.06672 0
13.77 22.29 90.63 588.9 0.12 0.1267 0.1385 0.06526 0.1834 0.06877 0
19.18 22.49 127.5 1148 0.08523 0.1428 0.1114 0.06772 0.1767 0.05529 0
14.45 20.22 94.49 642.7 0.09872 0.1206 0.118 0.0598 0.195 0.06466 0
23.29 26.67 158.9 1685 0.1141 0.2084 0.3523 0.162 0.22 0.06229 0
13.81 23.75 91.56 597.8 0.1323 0.1768 0.1558 0.09176 0.2251 0.07421 0
19.37 24.03 129.9 1174 0.09866 0.1629 0.1961 0.1054 0.212 0.06246 0
17.42 25.56 114.5 948 0.1006 0.1146 0.1682 0.06597 0.1308 0.05866 0
14.19 23.81 92.87 610.7 0.09463 0.1306 0.1115 0.06462 0.2235 0.06433 0
13.86 16.93 90.96 578.9 0.1026 0.1517 0.09901 0.05602 0.2106 0.06916 0
19.8 21.56 129.7 1230 0.09383 0.1306 0.1272 0.08691 0.2094 0.05581 0
19.53 32.47 128 1223 0.0842 0.113 0.1145 0.06637 0.1428 0.05313 0
16.34 20.81 109.4 829.8 0.1031 0.1589 0.1769 0.08451 0.1981 0.06613 0
12.83 22.33 85.26 503.2 0.1088 0.1799 0.1695 0.06861 0.2123 0.07254 0
17.05 19.08 113.4 895 0.1141 0.1572 0.191 0.109 0.2131 0.06325 0
20.51 27.81 134.4 1319 0.09159 0.1074 0.1554 0.0834 0.1448 0.05592 0
23.21 26.97 153.5 1670 0.09509 0.1682 0.195 0.1237 0.1909 0.06309 0
17.46 39.28 113.4 920.6 0.09812 0.1298 0.1417 0.08811 0.1809 0.05966 0
19.4 23.5 129.1 1155 0.1027 0.1558 0.2049 0.08886 0.1978 0.06 0
17.3 17.08 113 928.2 0.1008 0.1041 0.1266 0.08353 0.1813 0.05613 0
19.45 19.33 126.5 1169 0.1035 0.1188 0.1379 0.08591 0.1776 0.05647 0
13.96 17.05 91.43 602.4 0.1096 0.1279 0.09789 0.05246 0.1908 0.0613 0
15.32 17.27 103.2 713.3 0.1335 0.2284 0.2448 0.1242 0.2398 0.07596 0
15.66 23.2 110.2 773.5 0.1109 0.3114 0.3176 0.1377 0.2495 0.08104 0
15.53 33.56 103.7 744.9 0.1063 0.1639 0.1751 0.08399 0.2091 0.0665 0
15.61 19.38 100 758.6 0.0784 0.05616 0.04209 0.02847 0.1547 0.05443 0
20.73 31.12 135.7 1419 0.09469 0.1143 0.1367 0.08646 0.1769 0.05674 0
17.93 24.48 115.2 998.9 0.08855 0.07027 0.05699 0.04744 0.1538 0.0551 0
19.16 26.6 126.2 1138 0.102 0.1453 0.1921 0.09664 0.1902 0.0622 0
19.71 19.06 129.5 1192 0.1018 0.1352 0.1696 0.1043 0.1895 0.05863 0
16.24 18.77 108.8 805.1 0.1066 0.1802 0.1948 0.09052 0.1876 0.06684 0
11.76 18.14 75 431.1 0.09968 0.05914 0.02685 0.03515 0.1619 0.06287 0
20.09 23.86 134.7 1247 0.108 0.1838 0.2283 0.128 0.2249 0.07469 0
18.22 18.87 118.7 1027 0.09746 0.1117 0.113 0.0795 0.1807 0.05664 0
20.16 19.66 131.1 1274 0.0802 0.08564 0.1155 0.07726 0.1928 0.05096 0
20.34 21.51 135.9 1264 0.117 0.1875 0.2565 0.1504 0.2569 0.0667 0
17.06 21 111.8 918.6 0.1119 0.1056 0.1508 0.09934 0.1727 0.06071 0
18.77 21.43 122.9 1092 0.09116 0.1402 0.106 0.0609 0.1953 0.06083 0
15.75 19.22 107.1 758.6 0.1243 0.2364 0.2914 0.1242 0.2375 0.07603 0
20.44 21.78 133.8 1293 0.0915 0.1131 0.09799 0.07785 0.1618 0.05557 0
20.2 26.83 133.7 1234 0.09905 0.1669 0.1641 0.1265 0.1875 0.0602 0
20.64 17.35 134.8 1335 0.09446 0.1076 0.1527 0.08941 0.1571 0.05478 0
11.08 18.83 73.3 361.6 0.1216 0.2154 0.1689 0.06367 0.2196 0.0795 0
14.6 23.29 93.97 664.7 0.08682 0.06636 0.0839 0.05271 0.1627 0.05416 0
19.55 23.21 128.9 1174 0.101 0.1318 0.1856 0.1021 0.1989 0.05884 0
21.61 22.28 144.4 1407 0.1167 0.2087 0.281 0.1562 0.2162 0.06606 0
17.99 20.66 117.8 991.7 0.1036 0.1304 0.1201 0.08824 0.1992 0.06069 0
15.13 29.81 96.71 719.5 0.0832 0.04605 0.04686 0.02739 0.1852 0.05294 0
17.29 21.43 112.7 938.6 0.1004 0.1124 0.1117 0.08377 0.1749 0.05822 0
18.82 21.97 123.7 1110 0.1018 0.1389 0.1594 0.08744 0.1943 0.06132 0
17.27 25.42 112.4 928.8 0.08331 0.1109 0.1204 0.05736 0.1467 0.05407 0
18.03 16.85 117.5 990 0.08947 0.1232 0.109 0.06254 0.172 0.0578 0
21.1 20.52 138.1 1384 0.09684 0.1175 0.1572 0.1155 0.1554 0.0566 0
17.6 23.33 119 980.5 0.09289 0.2004 0.2136 0.1002 0.1696 0.07369 0
16.25 19.51 109.8 815.8 0.1026 0.1893 0.2236 0.09194 0.2151 0.06578 0
16.69 20.2 107.1 857.6 0.07497 0.07112 0.03649 0.02307 0.1846 0.05325 0
18.49 17.52 121.3 1068 0.1012 0.1317 0.1491 0.09183 0.1832 0.06697 0
13.82 24.49 92.33 595.9 0.1162 0.1681 0.1357 0.06759 0.2275 0.07237 0
15.46 23.95 103.8 731.3 0.1183 0.187 0.203 0.0852 0.1807 0.07083 0
15.05 19.07 97.26 701.9 0.09215 0.08597 0.07486 0.04335 0.1561 0.05915 0
18.31 20.58 120.8 1052 0.1068 0.1248 0.1569 0.09451 0.186 0.05941 0
19.89 20.26 130.5 1214 0.1037 0.131 0.1411 0.09431 0.1802 0.06188 0
24.63 21.6 165.5 1841 0.103 0.2106 0.231 0.1471 0.1991 0.06739 0
18.45 31.39 120.8 1051 0.09889 0.1108 0.1275 0.07493 0.1855 0.05593 0
15.22 30.62 103.4 716.9 0.1048 0.2087 0.255 0.09429 0.2128 0.07152 0
20.92 25.09 143 1347 0.1099 0.2236 0.3174 0.1474 0.2149 0.06879 0
21.56 22.39 142 1479 0.111 0.1159 0.2439 0.1389 0.1726 0.05623 0
20.13 28.25 131.2 1261 0.0978 0.1034 0.144 0.09791 0.1752 0.05533 0
16.6 28.08 108.3 858.1 0.08455 0.1023 0.09251 0.05302 0.159 0.05648 0
13.86 23.83 89.6 595.8 0.1067 0.08318 0.07671 0.05627 0.1433 0.05484 0
18.11 26.17 118.7 970.2 0.09867 0.1716 0.2177 0.09718 0.2063 0.06194 0
21.93 30.64 146.7 1487 0.08679 0.1723 0.2053 0.101 0.1796 0.05715 0
24.29 25.48 161.8 1715 0.09374 0.2284 0.2702 0.1369 0.2307 0.06308 0
15.6 26.79 99.85 760 0.07885 0.0524 0.03778 0.02876 0.158 0.05395 0
15.78 17.1 102.2 769 0.09668 0.0903 0.07268 0.04475 0.189 0.0569 0
19.28 20.88 124.9 1127 0.09033 0.1197 0.06435 0.0887 0.1971 0.05417 0
15.66 24.51 102 771.1 0.08886 0.08731 0.09483 0.04286 0.1995 0.05626 0
22.44 27.42 150.6 1504 0.1211 0.2082 0.3579 0.1842 0.2524 0.05848 0
17.98 23.96 120 995 0.1157 0.1739 0.1954 0.1219 0.1981 0.06306 0
13.63 24.7 89.65 569.2 0.1055 0.1312 0.1161 0.06403 0.1791 0.07058 0
23.01 33.87 156.8 1705 0.1157 0.1948 0.2979 0.1522 0.1799 0.0634 0
22.41 29.95 145.5 1528 0.1119 0.1699 0.3076 0.1594 0.2099 0.06803 0
12.53 30.98 80.41 490.9 0.09252 0.06271 0.06151 0.03938 0.1993 0.06554 0
19.8 20.46 130.2 1235 0.09652 0.1077 0.1599 0.08705 0.162 0.05731 0
19.96 27.41 130.8 1238 0.09075 0.1167 0.1355 0.08397 0.16 0.05461 0
19.22 27.18 128.8 1134 0.109 0.1777 0.2138 0.1116 0.1924 0.06389 0
14.72 25.26 99.28 657.5 0.1174 0.2112 0.1729 0.09465 0.2079 0.07496 0
22.52 21.92 146.9 1597 0.07592 0.09162 0.06862 0.06367 0.1728 0.05262 0
15.44 31.18 101 740.4 0.09399 0.1062 0.1375 0.065 0.1735 0.06105 0
17.17 29.19 110 915.3 0.08952 0.06655 0.06583 0.05068 0.1793 0.05392 0
16.7 28.13 110.3 885.4 0.08896 0.1131 0.1012 0.04989 0.189 0.06035 0
