20.29 14.34 135.1 1297 0.1003 0.1328 0.198 0.1043 0.1809 0.05883 1
12.75 15.29 84.6 502.7 0.1189 0.1569 0.1664 0.07666 0.1995 0.07164 1
13.71 20.83 90.2 577.9 0.1189 0.1645 0.09366 0.05985 0.2196 0.07451 1
14.54 27.54 96.73 658.8 0.1139 0.1595 0.1639 0.07364 0.2303 0.07077 1
16.13 20.68 108.1 798.8 0.117 0.2022 0.1722 0.1028 0.2164 0.07356 1
21.16 23.04 137.2 1404 0.09428 0.1022 0.1097 0.08632 0.1769 0.05278 1
19.07 24.81 128.3 1104 0.09081 0.219 0.2107 0.09961 0.231 0.06343 1
18.65 17.6 123.7 1076 0.1099 0.1686 0.1974 0.1009 0.1907 0.06049 1
15.1 22.02 97.26 712.8 0.09056 0.07081 0.05253 0.03334 0.1616 0.05684 1
19.21 18.57 125.5 1152 0.1053 0.1267 0.1323 0.08994 0.1917 0.05961 1
14.25 22.15 96.42 645.7 0.1049 0.2008 0.2135 0.08653 0.1949 0.07292 1
12.68 23.84 82.69 499 0.1122 0.1262 0.1128 0.06873 0.1905 0.0659 1
13.8 15.79 90.43 584.1 0.1007 0.128 0.07789 0.05069 0.1662 0.06566 1
19.1 26.29 129.1 1132 0.1215 0.1791 0.1937 0.1469 0.1634 0.07224 1
20.77 22.83 137.4 1336 0.1033 0.1515 0.1637 0.1015 0.18 0.05641 1
17.95 20.01 114.2 982 0.08402 0.06722 0.07293 0.05596 0.2129 0.05025 1
19 18.91 123.4 1138 0.08217 0.08028 0.09271 0.05627 0.1946 0.05044 1
20.29 21.49 132.8 1291 0.09258 0.1205 0.1523 0.08636 0.2356 0.05635 1
17.68 20.74 117.4 963.7 0.1115 0.1665 0.1855 0.1054 0.1971 0.06166 1
19.59 18.15 130.7 1214 0.112 0.1666 0.2508 0.1286 0.2027 0.06082 1
27.22 21.87 182.1 2250 0.1094 0.1914 0.2871 0.1878 0.18 0.0577 1
12.34 26.86 81.15 477.4 0.1034 0.1353 0.1085 0.04562 0.1943 0.06937 1
15.12 16.68 98.78 716.6 0.08876 0.09588 0.0755 0.04079 0.1594 0.05986 1
19.55 28.77 133.6 1207 0.0926 0.2063 0.1784 0.1144 0.1893 0.06232 1
20.31 27.06 132.9 1288 0.1 0.1088 0.1519 0.09333 0.1814 0.05572 1
17.29 22.13 114.4 947.8 0.08999 0.1273 0.09697 0.07507 0.2108 0.05464 1
17.19 22.07 111.6 928.3 0.09726 0.08995 0.09061 0.06527 0.1867 0.0558 1
21.75 20.99 147.3 1491 0.09401 0.1961 0.2195 0.1088 0.1721 0.06194 1
19.53 18.9 129.5 1217 0.115 0.1642 0.2197 0.1062 0.1792 0.06552 1
16.27 20.71 106.9 813.7 0.1169 0.1319 0.1478 0.08488 0.1948 0.06277 1
23.51 24.27 155.1 1747 0.1069 0.1283 0.2308 0.141 0.1797 0.05506 1
19.68 21.68 129.9 1194 0.09797 0.1339 0.1863 0.1103 0.2082 0.05715 1
25.73 17.46 174.2 2010 0.1149 0.2363 0.3368 0.1913 0.1956 0.06121 1
15.08 25.74 98 716.6 0.1024 0.09769 0.1235 0.06553 0.1647 0.06464 1
22.01 21.9 147.2 1482 0.1063 0.1954 0.2448 0.1501 0.1824 0.0614 1
15.5 21.08 102.9 803.1 0.112 0.1571 0.1522 0.08481 0.2085 0.06864 1
20.18 19.54 133.8 1250 0.1133 0.1489 0.2133 0.1259 0.1724 0.06053 1
13.98 19.62 91.12 599.5 0.106 0.1133 0.1126 0.06463 0.1669 0.06544 1
17.75 28.03 117.3 981.6 0.09997 0.1314 0.1698 0.08293 0.1713 0.05916 1
19.59 25 127.7 1191 0.1032 0.09871 0.1655 0.09063 0.1663 0.05391 1
19.44 18.82 128.1 1167 0.1089 0.1448 0.2256 0.1194 0.1823 0.06115 1
18.01 20.56 118.4 1007 0.1001 0.1289 0.117 0.07762 0.2116 0.06077 1
20.59 21.24 137.8 1320 0.1085 0.1644 0.2188 0.1121 0.1848 0.06222 1
24.24 18.74 159.6 1945 0.08938 0.1136 0.1727 0.1071 0.1591 0.05175 1
17.53 25.28 114 966.6 0.09278 0.09175 0.1105 0.06741 0.1424 0.05563 1
18.11 30.99 115.8 984.4 0.08625 0.0924 0.06214 0.05598 0.1603 0.05468 1
21.42 22.84 145 1440 0.107 0.1939 0.238 0.1318 0.1884 0.06472 1
