   6.9285006e-01
   6.4508599e-01
   6.1479991e-01
   5.9559331e-01
   5.8336328e-01
   5.7544676e-01
   5.7018727e-01
   5.6658510e-01
   5.6404087e-01
   5.6219141e-01
   5.6081201e-01
   5.5976010e-01
   5.5894266e-01
   5.5829736e-01
   5.5778132e-01
   5.5736427e-01
   5.5702441e-01
   5.5674566e-01
   5.5651594e-01
   5.5632605e-01
   5.5616881e-01
   5.5603855e-01
   5.5593075e-01
   5.5584171e-01
   5.5576839e-01
   5.5570827e-01
   5.5565921e-01
   5.5561944e-01
   5.5558742e-01
   5.5556187e-01
   5.5554170e-01
   5.5552598e-01
   5.5551390e-01
   5.5550481e-01
   5.5549812e-01
   5.5549334e-01
   5.5549004e-01
   5.5548790e-01
   5.5548660e-01
   5.5548592e-01
   5.5548565e-01
   5.5548566e-01
   5.5548582e-01
   5.5548603e-01
   5.5548622e-01
   5.5548630e-01
   5.5548621e-01
   5.5548587e-01
   5.5548518e-01
   5.5548403e-01
   5.5548231e-01
   5.5547986e-01
   5.5547654e-01
   5.5547218e-01
   5.5546660e-01
   5.5545963e-01
   5.5545111e-01
   5.5544089e-01
   5.5542888e-01
   5.5541503e-01
   5.5539934e-01
   5.5538193e-01
   5.5536296e-01
   5.5534267e-01
   5.5532135e-01
   5.5529930e-01
   5.5527682e-01
   5.5525419e-01
   5.5523161e-01
   5.5520928e-01
   5.5518731e-01
   5.5516579e-01
   5.5514477e-01
   5.5512429e-01
   5.5510438e-01
   5.5508507e-01
   5.5506639e-01
   5.5504840e-01
   5.5503117e-01
   5.5501479e-01
   5.5499934e-01
   5.5498492e-01
   5.5497161e-01
   5.5495947e-01
   5.5494852e-01
   5.5493877e-01
   5.5493021e-01
   5.5492281e-01
   5.5491654e-01
   5.5491136e-01
   5.5490726e-01
   5.5490420e-01
   5.5490217e-01
   5.5490114e-01
   5.5490111e-01
   5.5490204e-01
   5.5490391e-01
   5.5490667e-01
   5.5491029e-01
   5.5491471e-01
   5.5491985e-01
   5.5492564e-01
   5.5493199e-01
   5.5493882e-01
   5.5494603e-01
   5.5495353e-01
   5.5496126e-01
   5.5496914e-01
   5.5497712e-01
   5.5498516e-01
   5.5499323e-01
   5.5500133e-01
   5.5500944e-01
   5.5501756e-01
   5.5502570e-01
   5.5503385e-01
   5.5504201e-01
   5.5505020e-01
   5.5505841e-01
   5.5506664e-01
   5.5507490e-01
   5.5508319e-01
   5.5509150e-01
   5.5509983e-01
   5.5510819e-01
   5.5511657e-01
   5.5512498e-01
   5.5513341e-01
   5.5514186e-01
   5.5515032e-01
   5.5515881e-01
   5.5516731e-01
   5.5517581e-01
   5.5518433e-01
   5.5519285e-01
   5.5520136e-01
   5.5520987e-01
   5.5521836e-01
   5.5522684e-01
   5.5523528e-01
   5.5524369e-01
   5.5525205e-01
   5.5526036e-01
   5.5526861e-01
   5.5527680e-01
   5.5528490e-01
   5.5529292e-01
   5.5530085e-01
   5.5530868e-01
   5.5531641e-01
   5.5532403e-01
   5.5533154e-01
   5.5533893e-01
   5.5534621e-01
   5.5535338e-01
   5.5536042e-01
   5.5536735e-01
   5.5537417e-01
   5.5538088e-01
   5.5538748e-01
   5.5539397e-01
   5.5540035e-01
   5.5540662e-01
   5.5541279e-01
   5.5541885e-01
   5.5542481e-01
   5.5543066e-01
   5.5543641e-01
   5.5544206e-01
   5.5544760e-01
   5.5545304e-01
   5.5545837e-01
   5.5546361e-01
   5.5546874e-01
   5.5547377e-01
   5.5547870e-01
   5.5548353e-01
   5.5548826e-01
   5.5549290e-01
   5.5549744e-01
   5.5550188e-01
   5.5550624e-01
   5.5551050e-01
   5.5551466e-01
   5.5551874e-01
   5.5552274e-01
   5.5552664e-01
   5.5553048e-01
   5.5553416e-01
   5.5553801e-01
   5.5554090e-01
   5.5554627e-01
   5.5553794e-01
   5.5554002e-01
   5.5551989e-01
   5.5554040e-01
   5.5555648e-01
   5.5556195e-01
   5.5554372e-01
   5.5555141e-01
   5.5557146e-01
   5.5557043e-01
   5.5557172e-01
   5.5555518e-01
   5.5556537e-01
   5.5557788e-01
   5.5558332e-01
   5.5557816e-01
   5.5559154e-01
   5.5558327e-01
   5.5558597e-01
   5.5556922e-01
   5.5558894e-01
   5.5558939e-01
   5.5560327e-01
   5.5559603e-01
   5.5560696e-01
   5.5558857e-01
   5.5560354e-01
   5.5560709e-01
   5.5560870e-01
   5.5561022e-01
   5.5559808e-01
   5.5561057e-01
   5.5561486e-01
   5.5562210e-01
   5.5561639e-01
   5.5562046e-01
   5.5561100e-01
   5.5562390e-01
   5.5562641e-01
   5.5563037e-01
   5.5563506e-01
   5.5562397e-01
   5.5562108e-01
   5.5562987e-01
   5.5563547e-01
   5.5563840e-01
   5.5564064e-01
   5.5563782e-01
   5.5564491e-01
   5.5562938e-01
   5.5562798e-01
   5.5563244e-01
   5.5563248e-01
   5.5563961e-01
   5.5564417e-01
   5.5564887e-01
   5.5564712e-01
   5.5565316e-01
   5.5564703e-01
   5.5565089e-01
   5.5565683e-01
   5.5564446e-01
   5.5564455e-01
   5.5564701e-01
   5.5564736e-01
   5.5565249e-01
   5.5565281e-01
   5.5565528e-01
   5.5565655e-01
   5.5566034e-01
   5.5566133e-01
   5.5566345e-01
   5.5565580e-01
   5.5566182e-01
   5.5566173e-01
   5.5566292e-01
   5.5566842e-01
   5.5565911e-01
   5.5566190e-01
   5.5566648e-01
   5.5566437e-01
   5.5566500e-01
   5.5566386e-01
   5.5566642e-01
   5.5566558e-01
   5.5566636e-01
   5.5566666e-01
   5.5567048e-01
   5.5566546e-01
   5.5566423e-01
   5.5566778e-01
   5.5566520e-01
   5.5566944e-01
   5.5567025e-01
   5.5566922e-01
   5.5567323e-01
   5.5566912e-01
   5.5566922e-01
   5.5567055e-01
   5.5567121e-01
   5.5567310e-01
   5.5567370e-01
   5.5567459e-01
   5.5567190e-01
   5.5567383e-01
   5.5567385e-01
   5.5567465e-01
   5.5567353e-01
   5.5567666e-01
   5.5567525e-01
   5.5567294e-01
   5.5567767e-01
   5.5567495e-01
   5.5567638e-01
   5.5567836e-01
   5.5567539e-01
   5.5567814e-01
   5.5567791e-01
   5.5567939e-01
   5.5567666e-01
   5.5567890e-01
   5.5567607e-01
   5.5567787e-01
   5.5567824e-01
   5.5567937e-01
   5.5567889e-01
   5.5567733e-01
   5.5568018e-01
   5.5567939e-01
   5.5568016e-01
   5.5567843e-01
   5.5567962e-01
   5.5568044e-01
   5.5567964e-01
   5.5568001e-01
   5.5568040e-01
   5.5568112e-01
   5.5568100e-01
   5.5568115e-01
   5.5568123e-01
   5.5568132e-01
   5.5568141e-01
   5.5568150e-01
   5.5568159e-01
   5.5568168e-01
   5.5568177e-01
   5.5568186e-01
   5.5568195e-01
   5.5568204e-01
   5.5568213e-01
   5.5568222e-01
   5.5568230e-01
   5.5568239e-01
   5.5568247e-01
   5.5568255e-01
   5.5568263e-01
   5.5568271e-01
   5.5568279e-01
   5.5568286e-01
   5.5568294e-01
   5.5568301e-01
   5.5568308e-01
   5.5568315e-01
   5.5568322e-01
   5.5568329e-01
   5.5568335e-01
   5.5568341e-01
   5.5568348e-01
   5.5568354e-01
   5.5568360e-01
   5.5568365e-01
   5.5568371e-01
   5.5568377e-01
   5.5568382e-01
   5.5568387e-01
   5.5568392e-01
   5.5568397e-01
   5.5568402e-01
   5.5568407e-01
   5.5568412e-01
   5.5568416e-01
   5.5568421e-01
   5.5568425e-01
   5.5568429e-01
   5.5568433e-01
   5.5568437e-01
   5.5568441e-01
   5.5568445e-01
   5.5568449e-01
   5.5568452e-01
   5.5568456e-01
   5.5568459e-01
   5.5568463e-01
   5.5568466e-01
   5.5568469e-01
   5.5568472e-01
   5.5568475e-01
   5.5568478e-01
   5.5568481e-01
   5.5568484e-01
   5.5568487e-01
   5.5568490e-01
   5.5568492e-01
   5.5568495e-01
   5.5568497e-01
   5.5568500e-01
   5.5568502e-01
   5.5568504e-01
   5.5568507e-01
   5.5568509e-01
   5.5568511e-01
   5.5568513e-01
   5.5568515e-01
   5.5568517e-01
   5.5568519e-01
   5.5568521e-01
   5.5568523e-01
   5.5568525e-01
   5.5568526e-01
   5.5568528e-01
   5.5568530e-01
   5.5568531e-01
   5.5568533e-01
   5.5568534e-01
   5.5568536e-01
   5.5568537e-01
   5.5568539e-01
   5.5568540e-01
   5.5568542e-01
   5.5568543e-01
   5.5568544e-01
   5.5568545e-01
   5.5568547e-01
   5.5568548e-01
   5.5568549e-01
   5.5568550e-01
   5.5568551e-01
   5.5568552e-01
   5.5568553e-01
   5.5568554e-01
   5.5568555e-01
   5.5568556e-01
   5.5568557e-01
   5.5568558e-01
   5.5568559e-01
   5.5568560e-01
   5.5568561e-01
   5.5568562e-01
   5.5568562e-01
   5.5568563e-01
   5.5568564e-01
   5.5568565e-01
   5.5568565e-01
   5.5568566e-01
   5.5568567e-01
   5.5568567e-01
   5.5568568e-01
   5.5568569e-01
   5.5568569e-01
   5.5568570e-01
   5.5568571e-01
   5.5568571e-01
   5.5568572e-01
   5.5568572e-01
   5.5568573e-01
   5.5568573e-01
   5.5568574e-01
   5.5568574e-01
   5.5568575e-01
   5.5568575e-01
   5.5568576e-01
   5.5568576e-01
   5.5568577e-01
   5.5568577e-01
   5.5568577e-01
   5.5568578e-01
   5.5568578e-01
   5.5568579e-01
   5.5568579e-01
   5.5568579e-01
   5.5568580e-01
   5.5568580e-01
   5.5568580e-01
   5.5568581e-01
   5.5568581e-01
   5.5568581e-01
   5.5568582e-01
   5.5568582e-01
   5.5568582e-01
   5.5568583e-01
   5.5568583e-01
   5.5568583e-01
   5.5568583e-01
   5.5568584e-01
   5.5568584e-01
   5.5568584e-01
   5.5568584e-01
   5.5568584e-01
   5.5568585e-01
   5.5568585e-01
   5.5568585e-01
   5.5568585e-01
   5.5568586e-01
   5.5568586e-01
   5.5568586e-01
   5.5568586e-01
   5.5568586e-01
   5.5568586e-01
