   7.0041787e-01
   6.4523463e-01
   6.1178970e-01
   5.9166828e-01
   5.7955128e-01
   5.7209332e-01
   5.6734026e-01
   5.6419084e-01
   5.6202385e-01
   5.6048125e-01
   5.5935034e-01
   5.5850058e-01
   5.5784921e-01
   5.5734221e-01
   5.5694319e-01
   5.5662693e-01
   5.5637541e-01
   5.5617534e-01
   5.5601663e-01
   5.5589144e-01
   5.5579357e-01
   5.5571800e-01
   5.5566063e-01
   5.5561808e-01
   5.5558753e-01
   5.5556662e-01
   5.5555335e-01
   5.5554607e-01
   5.5554338e-01
   5.5554413e-01
   5.5554738e-01
   5.5555236e-01
   5.5555846e-01
   5.5556521e-01
   5.5557224e-01
   5.5557926e-01
   5.5558609e-01
   5.5559258e-01
   5.5559865e-01
   5.5560422e-01
   5.5560928e-01
   5.5561381e-01
   5.5561781e-01
   5.5562130e-01
   5.5562429e-01
   5.5562680e-01
   5.5562885e-01
   5.5563044e-01
   5.5563160e-01
   5.5563232e-01
   5.5563260e-01
   5.5563244e-01
   5.5563182e-01
   5.5563071e-01
   5.5562909e-01
   5.5562691e-01
   5.5562411e-01
   5.5562064e-01
   5.5561642e-01
   5.5561136e-01
   5.5560539e-01
   5.5559842e-01
   5.5559035e-01
   5.5558114e-01
   5.5557072e-01
   5.5555908e-01
   5.5554622e-01
   5.5553222e-01
   5.5551713e-01
   5.5550109e-01
   5.5548423e-01
   5.5546669e-01
   5.5544863e-01
   5.5543021e-01
   5.5541157e-01
   5.5539284e-01
   5.5537415e-01
   5.5535559e-01
   5.5533728e-01
   5.5531929e-01
   5.5530170e-01
   5.5528457e-01
   5.5526798e-01
   5.5525196e-01
   5.5523656e-01
   5.5522183e-01
   5.5520780e-01
   5.5519450e-01
   5.5518194e-01
   5.5517015e-01
   5.5515913e-01
   5.5514887e-01
   5.5513938e-01
   5.5513064e-01
   5.5512263e-01
   5.5511531e-01
   5.5510866e-01
   5.5510261e-01
   5.5509712e-01
   5.5509212e-01
   5.5508752e-01
   5.5508323e-01
   5.5507913e-01
   5.5507508e-01
   5.5507096e-01
   5.5506661e-01
   5.5506190e-01
   5.5505673e-01
   5.5505110e-01
   5.5504512e-01
   5.5503902e-01
   5.5503316e-01
   5.5502790e-01
   5.5502359e-01
   5.5502048e-01
   5.5501869e-01
   5.5501827e-01
   5.5501915e-01
   5.5502124e-01
   5.5502440e-01
   5.5502849e-01
   5.5503337e-01
   5.5503892e-01
   5.5504503e-01
   5.5505162e-01
   5.5505861e-01
   5.5506593e-01
   5.5507353e-01
   5.5508137e-01
   5.5508941e-01
   5.5509762e-01
   5.5510598e-01
   5.5511446e-01
   5.5512304e-01
   5.5513171e-01
   5.5514045e-01
   5.5514925e-01
   5.5515809e-01
   5.5516697e-01
   5.5517587e-01
   5.5518478e-01
   5.5519369e-01
   5.5520259e-01
   5.5521147e-01
   5.5522032e-01
   5.5522912e-01
   5.5523787e-01
   5.5524656e-01
   5.5525518e-01
   5.5526372e-01
   5.5527218e-01
   5.5528055e-01
   5.5528883e-01
   5.5529700e-01
   5.5530506e-01
   5.5531302e-01
   5.5532086e-01
   5.5532858e-01
   5.5533618e-01
   5.5534366e-01
   5.5535102e-01
   5.5535826e-01
   5.5536538e-01
   5.5537237e-01
   5.5537923e-01
   5.5538598e-01
   5.5539261e-01
   5.5539911e-01
   5.5540550e-01
   5.5541177e-01
   5.5541793e-01
   5.5542397e-01
   5.5542990e-01
   5.5543572e-01
   5.5544143e-01
   5.5544703e-01
   5.5545253e-01
   5.5545792e-01
   5.5546320e-01
   5.5546838e-01
   5.5547346e-01
   5.5547844e-01
   5.5548332e-01
   5.5548810e-01
   5.5549278e-01
   5.5549736e-01
   5.5550185e-01
   5.5550625e-01
   5.5551055e-01
   5.5551475e-01
   5.5551887e-01
   5.5552290e-01
   5.5552684e-01
   5.5553069e-01
   5.5553446e-01
   5.5553814e-01
   5.5554174e-01
   5.5554526e-01
   5.5554870e-01
   5.5555206e-01
   5.5555534e-01
   5.5555855e-01
   5.5556168e-01
   5.5556474e-01
   5.5556773e-01
   5.5557064e-01
   5.5557343e-01
   5.5557615e-01
   5.5557806e-01
   5.5558091e-01
   5.5557476e-01
   5.5558582e-01
   5.5557840e-01
   5.5559089e-01
   5.5558987e-01
   5.5559499e-01
   5.5558610e-01
   5.5560037e-01
   5.5560112e-01
   5.5560375e-01
   5.5559912e-01
   5.5560828e-01
   5.5560514e-01
   5.5561179e-01
   5.5560512e-01
   5.5561629e-01
   5.5561569e-01
   5.5561886e-01
   5.5561317e-01
   5.5562299e-01
   5.5562161e-01
   5.5562535e-01
   5.5561920e-01
   5.5562924e-01
   5.5562839e-01
   5.5563133e-01
   5.5562686e-01
   5.5563447e-01
   5.5563080e-01
   5.5563679e-01
   5.5563085e-01
   5.5563987e-01
   5.5563802e-01
   5.5564152e-01
   5.5563686e-01
   5.5564418e-01
   5.5564088e-01
   5.5564595e-01
   5.5564047e-01
   5.5564851e-01
   5.5564596e-01
   5.5564987e-01
   5.5564569e-01
   5.5565196e-01
   5.5564749e-01
   5.5565370e-01
   5.5564863e-01
   5.5565553e-01
   5.5565163e-01
   5.5565684e-01
   5.5565246e-01
   5.5565852e-01
   5.5565377e-01
   5.5565999e-01
   5.5565536e-01
   5.5566132e-01
   5.5565705e-01
   5.5566255e-01
   5.5565839e-01
   5.5566379e-01
   5.5565959e-01
   5.5566498e-01
   5.5566076e-01
   5.5566611e-01
   5.5566201e-01
   5.5566711e-01
   5.5566354e-01
   5.5566788e-01
   5.5566622e-01
   5.5566771e-01
   5.5566807e-01
   5.5566857e-01
   5.5566903e-01
   5.5566948e-01
   5.5566991e-01
   5.5567033e-01
   5.5567074e-01
   5.5567113e-01
   5.5567151e-01
   5.5567189e-01
   5.5567225e-01
   5.5567261e-01
   5.5567296e-01
   5.5567329e-01
   5.5567362e-01
   5.5567395e-01
   5.5567426e-01
   5.5567457e-01
   5.5567487e-01
   5.5567516e-01
   5.5567545e-01
   5.5567573e-01
   5.5567600e-01
   5.5567627e-01
   5.5567653e-01
   5.5567679e-01
   5.5567704e-01
   5.5567729e-01
   5.5567753e-01
   5.5567777e-01
   5.5567800e-01
   5.5567823e-01
   5.5567846e-01
   5.5567868e-01
   5.5567890e-01
   5.5567912e-01
   5.5567934e-01
   5.5567956e-01
   5.5567978e-01
   5.5568000e-01
   5.5568022e-01
   5.5568045e-01
   5.5568067e-01
   5.5568091e-01
   5.5568114e-01
   5.5568133e-01
   5.5568148e-01
   5.5568162e-01
   5.5568165e-01
   5.5568067e-01
   5.5568142e-01
   5.5568055e-01
   5.5568082e-01
   5.5568040e-01
   5.5568137e-01
   5.5568230e-01
   5.5568159e-01
   5.5568250e-01
   5.5568243e-01
   5.5568267e-01
   5.5568265e-01
   5.5568282e-01
   5.5568207e-01
   5.5568258e-01
   5.5568284e-01
   5.5568309e-01
   5.5568325e-01
   5.5568339e-01
   5.5568347e-01
   5.5568356e-01
   5.5568363e-01
   5.5568373e-01
   5.5568372e-01
   5.5568387e-01
   5.5568348e-01
   5.5568407e-01
   5.5568323e-01
   5.5568370e-01
   5.5568388e-01
   5.5568417e-01
   5.5568417e-01
   5.5568429e-01
   5.5568426e-01
   5.5568439e-01
   5.5568432e-01
   5.5568449e-01
   5.5568437e-01
   5.5568457e-01
   5.5568443e-01
   5.5568465e-01
   5.5568451e-01
   5.5568475e-01
   5.5568463e-01
   5.5568494e-01
   5.5568481e-01
   5.5568515e-01
   5.5568514e-01
   5.5568525e-01
   5.5568528e-01
   5.5568532e-01
   5.5568536e-01
   5.5568538e-01
   5.5568541e-01
   5.5568543e-01
   5.5568547e-01
   5.5568549e-01
   5.5568552e-01
   5.5568554e-01
   5.5568556e-01
   5.5568558e-01
   5.5568559e-01
   5.5568560e-01
   5.5568561e-01
   5.5568562e-01
   5.5568562e-01
   5.5568562e-01
   5.5568563e-01
   5.5568563e-01
   5.5568563e-01
   5.5568563e-01
   5.5568563e-01
   5.5568563e-01
   5.5568563e-01
   5.5568562e-01
   5.5568562e-01
   5.5568562e-01
   5.5568563e-01
   5.5568563e-01
   5.5568564e-01
   5.5568564e-01
   5.5568565e-01
   5.5568566e-01
   5.5568567e-01
   5.5568568e-01
   5.5568570e-01
   5.5568574e-01
   5.5568577e-01
   5.5568554e-01
   5.5568591e-01
   5.5568560e-01
   5.5568582e-01
   5.5568577e-01
   5.5568578e-01
   5.5568580e-01
   5.5568574e-01
   5.5568592e-01
   5.5568591e-01
   5.5568569e-01
   5.5568590e-01
   5.5568570e-01
   5.5568589e-01
   5.5568561e-01
   5.5568593e-01
   5.5568553e-01
   5.5568583e-01
   5.5568587e-01
   5.5568564e-01
   5.5568588e-01
   5.5568586e-01
   5.5568585e-01
   5.5568586e-01
   5.5568586e-01
   5.5568586e-01
   5.5568586e-01
   5.5568586e-01
   5.5568586e-01
   5.5568585e-01
   5.5568585e-01
   5.5568585e-01
   5.5568585e-01
   5.5568585e-01
   5.5568585e-01
   5.5568585e-01
   5.5568585e-01
   5.5568585e-01
   5.5568585e-01
   5.5568585e-01
   5.5568586e-01
   5.5568586e-01
   5.5568586e-01
   5.5568586e-01
   5.5568586e-01
   5.5568586e-01
   5.5568586e-01
   5.5568586e-01
   5.5568586e-01
   5.5568586e-01
   5.5568586e-01
   5.5568586e-01
   5.5568586e-01
   5.5568587e-01
   5.5568587e-01
   5.5568587e-01
   5.5568587e-01
   5.5568587e-01
   5.5568587e-01
   5.5568587e-01
   5.5568587e-01
   5.5568587e-01
   5.5568587e-01
   5.5568587e-01
   5.5568587e-01
   5.5568588e-01
   5.5568588e-01
   5.5568588e-01
   5.5568588e-01
   5.5568588e-01
   5.5568588e-01
   5.5568588e-01
   5.5568588e-01
   5.5568588e-01
   5.5568588e-01
   5.5568588e-01
   5.5568588e-01
   5.5568588e-01
   5.5568588e-01
   5.5568588e-01
   5.5568589e-01
   5.5568589e-01
   5.5568589e-01
