   6.9007697e-01
   6.5537146e-01
   6.3056873e-01
   6.1287956e-01
   6.0012344e-01
   5.9076720e-01
   5.8377468e-01
   5.7845148e-01
   5.7432899e-01
   5.7108648e-01
   5.6850061e-01
   5.6641297e-01
   5.6470917e-01
   5.6330511e-01
   5.6213799e-01
   5.6116018e-01
   5.6033507e-01
   5.5963418e-01
   5.5903513e-01
   5.5852013e-01
   5.5807496e-01
   5.5768813e-01
   5.5735032e-01
   5.5705389e-01
   5.5679258e-01
   5.5656118e-01
   5.5635539e-01
   5.5617158e-01
   5.5600673e-01
   5.5585828e-01
   5.5572405e-01
   5.5560221e-01
   5.5549121e-01
   5.5538972e-01
   5.5529662e-01
   5.5521097e-01
   5.5513199e-01
   5.5505901e-01
   5.5499151e-01
   5.5492906e-01
   5.5487129e-01
   5.5481794e-01
   5.5476879e-01
   5.5472366e-01
   5.5468242e-01
   5.5464494e-01
   5.5461114e-01
   5.5458091e-01
   5.5455418e-01
   5.5453086e-01
   5.5451083e-01
   5.5449401e-01
   5.5448028e-01
   5.5446950e-01
   5.5446153e-01
   5.5445622e-01
   5.5445341e-01
   5.5445292e-01
   5.5445457e-01
   5.5445818e-01
   5.5446354e-01
   5.5447049e-01
   5.5447884e-01
   5.5448840e-01
   5.5449902e-01
   5.5451053e-01
   5.5452279e-01
   5.5453568e-01
   5.5454907e-01
   5.5456287e-01
   5.5457697e-01
   5.5459132e-01
   5.5460583e-01
   5.5462047e-01
   5.5463519e-01
   5.5464995e-01
   5.5466474e-01
   5.5467954e-01
   5.5469433e-01
   5.5470911e-01
   5.5472387e-01
   5.5473861e-01
   5.5475333e-01
   5.5476803e-01
   5.5478269e-01
   5.5479732e-01
   5.5481192e-01
   5.5482647e-01
   5.5484098e-01
   5.5485543e-01
   5.5486982e-01
   5.5488415e-01
   5.5489840e-01
   5.5491257e-01
   5.5492666e-01
   5.5494066e-01
   5.5495456e-01
   5.5496837e-01
   5.5498207e-01
   5.5499566e-01
   5.5500913e-01
   5.5502249e-01
   5.5503572e-01
   5.5504881e-01
   5.5506177e-01
   5.5507458e-01
   5.5508723e-01
   5.5509972e-01
   5.5511204e-01
   5.5512418e-01
   5.5513612e-01
   5.5514787e-01
   5.5515941e-01
   5.5517074e-01
   5.5518186e-01
   5.5519276e-01
   5.5520345e-01
   5.5521392e-01
   5.5522419e-01
   5.5523425e-01
   5.5524411e-01
   5.5525378e-01
   5.5526326e-01
   5.5527256e-01
   5.5528169e-01
   5.5529064e-01
   5.5529943e-01
   5.5530805e-01
   5.5531651e-01
   5.5532481e-01
   5.5533296e-01
   5.5534096e-01
   5.5534881e-01
   5.5535651e-01
   5.5536406e-01
   5.5537148e-01
   5.5537875e-01
   5.5538588e-01
   5.5539288e-01
   5.5539974e-01
   5.5540647e-01
   5.5541308e-01
   5.5541955e-01
   5.5542590e-01
   5.5543212e-01
   5.5543822e-01
   5.5544420e-01
   5.5545006e-01
   5.5545580e-01
   5.5546142e-01
   5.5546693e-01
   5.5547233e-01
   5.5547761e-01
   5.5548278e-01
   5.5548783e-01
   5.5549278e-01
   5.5549761e-01
   5.5550234e-01
   5.5550696e-01
   5.5551147e-01
   5.5551587e-01
   5.5552016e-01
   5.5552435e-01
   5.5552844e-01
   5.5553242e-01
   5.5553631e-01
   5.5554009e-01
   5.5554377e-01
   5.5554736e-01
   5.5555085e-01
   5.5555426e-01
   5.5555757e-01
   5.5556079e-01
   5.5556392e-01
   5.5556697e-01
   5.5556994e-01
   5.5557283e-01
   5.5557564e-01
   5.5557837e-01
   5.5558104e-01
   5.5558363e-01
   5.5558615e-01
   5.5558861e-01
   5.5559101e-01
   5.5559335e-01
   5.5559562e-01
   5.5559784e-01
   5.5560001e-01
   5.5560212e-01
   5.5560418e-01
   5.5560619e-01
   5.5560816e-01
   5.5561007e-01
   5.5561194e-01
   5.5561377e-01
   5.5561555e-01
   5.5561729e-01
   5.5561899e-01
   5.5562065e-01
   5.5562227e-01
   5.5562385e-01
   5.5562539e-01
   5.5562690e-01
   5.5562837e-01
   5.5562981e-01
   5.5563121e-01
   5.5563258e-01
   5.5563391e-01
   5.5563521e-01
   5.5563648e-01
   5.5563772e-01
   5.5563893e-01
   5.5564011e-01
   5.5564127e-01
   5.5564239e-01
   5.5564348e-01
   5.5564455e-01
   5.5564559e-01
   5.5564661e-01
   5.5564760e-01
   5.5564857e-01
   5.5564951e-01
   5.5565043e-01
   5.5565132e-01
   5.5565220e-01
   5.5565305e-01
   5.5565388e-01
   5.5565469e-01
   5.5565547e-01
   5.5565624e-01
   5.5565699e-01
   5.5565772e-01
   5.5565843e-01
   5.5565913e-01
   5.5565980e-01
   5.5566046e-01
   5.5566110e-01
   5.5566173e-01
   5.5566234e-01
   5.5566293e-01
   5.5566351e-01
   5.5566407e-01
   5.5566462e-01
   5.5566516e-01
   5.5566568e-01
   5.5566619e-01
   5.5566669e-01
   5.5566717e-01
   5.5566764e-01
   5.5566810e-01
   5.5566855e-01
   5.5566898e-01
   5.5566942e-01
   5.5566978e-01
   5.5567031e-01
   5.5567033e-01
   5.5567141e-01
   5.5566880e-01
   5.5567012e-01
   5.5566986e-01
   5.5567279e-01
   5.5567091e-01
   5.5567329e-01
   5.5567093e-01
   5.5567241e-01
   5.5567283e-01
   5.5567466e-01
   5.5567240e-01
   5.5567363e-01
   5.5567412e-01
   5.5567577e-01
   5.5567373e-01
   5.5567488e-01
   5.5567520e-01
   5.5567677e-01
   5.5567488e-01
   5.5567597e-01
   5.5567617e-01
   5.5567765e-01
   5.5567590e-01
   5.5567692e-01
   5.5567707e-01
   5.5567848e-01
   5.5567680e-01
   5.5567777e-01
   5.5567788e-01
   5.5567926e-01
   5.5567763e-01
   5.5567855e-01
   5.5567861e-01
   5.5567993e-01
   5.5567839e-01
   5.5567927e-01
   5.5567928e-01
   5.5568052e-01
   5.5567910e-01
   5.5567993e-01
   5.5567989e-01
   5.5568105e-01
   5.5567974e-01
   5.5568053e-01
   5.5568044e-01
   5.5568153e-01
   5.5568033e-01
   5.5568106e-01
   5.5568094e-01
   5.5568196e-01
   5.5568086e-01
   5.5568155e-01
   5.5568141e-01
   5.5568235e-01
   5.5568135e-01
   5.5568198e-01
   5.5568183e-01
   5.5568269e-01
   5.5568180e-01
   5.5568238e-01
   5.5568221e-01
   5.5568300e-01
   5.5568220e-01
   5.5568272e-01
   5.5568256e-01
   5.5568328e-01
   5.5568256e-01
   5.5568307e-01
   5.5568289e-01
   5.5568354e-01
   5.5568290e-01
   5.5568331e-01
   5.5568316e-01
   5.5568373e-01
   5.5568321e-01
   5.5568379e-01
   5.5568347e-01
   5.5568360e-01
   5.5568367e-01
   5.5568371e-01
   5.5568400e-01
   5.5568377e-01
   5.5568428e-01
   5.5568372e-01
   5.5568395e-01
   5.5568395e-01
   5.5568423e-01
   5.5568410e-01
   5.5568407e-01
   5.5568418e-01
   5.5568449e-01
   5.5568411e-01
   5.5568456e-01
   5.5568445e-01
   5.5568459e-01
   5.5568448e-01
   5.5568438e-01
   5.5568448e-01
   5.5568456e-01
   5.5568464e-01
   5.5568464e-01
   5.5568488e-01
   5.5568459e-01
   5.5568478e-01
   5.5568466e-01
   5.5568494e-01
   5.5568469e-01
   5.5568507e-01
   5.5568482e-01
   5.5568490e-01
   5.5568496e-01
   5.5568505e-01
   5.5568497e-01
   5.5568505e-01
   5.5568502e-01
   5.5568519e-01
   5.5568498e-01
   5.5568519e-01
   5.5568507e-01
   5.5568523e-01
   5.5568516e-01
   5.5568532e-01
   5.5568517e-01
   5.5568522e-01
   5.5568521e-01
   5.5568532e-01
   5.5568523e-01
   5.5568534e-01
   5.5568531e-01
   5.5568534e-01
   5.5568536e-01
   5.5568533e-01
   5.5568528e-01
   5.5568549e-01
   5.5568533e-01
   5.5568538e-01
   5.5568545e-01
   5.5568545e-01
   5.5568544e-01
   5.5568546e-01
   5.5568545e-01
   5.5568550e-01
   5.5568549e-01
   5.5568553e-01
   5.5568548e-01
   5.5568555e-01
   5.5568553e-01
   5.5568556e-01
   5.5568557e-01
   5.5568556e-01
   5.5568561e-01
   5.5568556e-01
   5.5568562e-01
   5.5568559e-01
   5.5568567e-01
   5.5568560e-01
   5.5568564e-01
   5.5568560e-01
   5.5568568e-01
   5.5568565e-01
   5.5568564e-01
   5.5568566e-01
   5.5568566e-01
   5.5568568e-01
   5.5568570e-01
   5.5568570e-01
   5.5568570e-01
   5.5568571e-01
   5.5568570e-01
   5.5568574e-01
   5.5568573e-01
   5.5568572e-01
   5.5568571e-01
   5.5568576e-01
   5.5568571e-01
   5.5568575e-01
   5.5568575e-01
   5.5568575e-01
   5.5568574e-01
   5.5568574e-01
   5.5568577e-01
   5.5568578e-01
   5.5568577e-01
   5.5568579e-01
   5.5568577e-01
   5.5568579e-01
   5.5568578e-01
   5.5568580e-01
   5.5568580e-01
   5.5568579e-01
   5.5568581e-01
   5.5568581e-01
   5.5568581e-01
   5.5568582e-01
   5.5568582e-01
   5.5568583e-01
   5.5568582e-01
   5.5568582e-01
   5.5568584e-01
   5.5568584e-01
   5.5568583e-01
   5.5568584e-01
   5.5568583e-01
   5.5568583e-01
   5.5568584e-01
   5.5568586e-01
   5.5568584e-01
   5.5568584e-01
   5.5568585e-01
   5.5568587e-01
   5.5568585e-01
   5.5568586e-01
   5.5568586e-01
   5.5568586e-01
   5.5568587e-01
   5.5568587e-01
   5.5568587e-01
   5.5568587e-01
   5.5568587e-01
   5.5568586e-01
   5.5568588e-01
   5.5568587e-01
   5.5568588e-01
   5.5568587e-01
   5.5568588e-01
   5.5568588e-01
   5.5568588e-01
   5.5568588e-01
   5.5568589e-01
   5.5568588e-01
   5.5568588e-01
   5.5568589e-01
   5.5568588e-01
   5.5568589e-01
   5.5568589e-01
   5.5568589e-01
   5.5568589e-01
   5.5568590e-01
   5.5568590e-01
   5.5568589e-01
   5.5568589e-01
   5.5568590e-01
   5.5568590e-01
