   7.2174332e-01
   6.6678515e-01
   6.3139056e-01
   6.0852143e-01
   5.9354970e-01
   5.8354567e-01
   5.7669575e-01
   5.7188231e-01
   5.6841149e-01
   5.6584623e-01
   5.6390615e-01
   5.6240767e-01
   5.6122813e-01
   5.6028384e-01
   5.5951659e-01
   5.5888509e-01
   5.5835959e-01
   5.5791822e-01
   5.5754472e-01
   5.5722679e-01
   5.5695496e-01
   5.5672187e-01
   5.5652166e-01
   5.5634961e-01
   5.5620184e-01
   5.5607510e-01
   5.5596665e-01
   5.5587413e-01
   5.5579551e-01
   5.5572901e-01
   5.5567307e-01
   5.5562634e-01
   5.5558762e-01
   5.5555586e-01
   5.5553012e-01
   5.5550960e-01
   5.5549357e-01
   5.5548141e-01
   5.5547256e-01
   5.5546653e-01
   5.5546290e-01
   5.5546129e-01
   5.5546137e-01
   5.5546284e-01
   5.5546544e-01
   5.5546896e-01
   5.5547318e-01
   5.5547792e-01
   5.5548303e-01
   5.5548835e-01
   5.5549376e-01
   5.5549913e-01
   5.5550436e-01
   5.5550934e-01
   5.5551397e-01
   5.5551816e-01
   5.5552179e-01
   5.5552477e-01
   5.5552698e-01
   5.5552829e-01
   5.5552854e-01
   5.5552756e-01
   5.5552513e-01
   5.5552103e-01
   5.5551499e-01
   5.5550677e-01
   5.5549614e-01
   5.5548302e-01
   5.5546743e-01
   5.5544963e-01
   5.5543006e-01
   5.5540931e-01
   5.5538800e-01
   5.5536676e-01
   5.5534610e-01
   5.5532641e-01
   5.5530795e-01
   5.5529087e-01
   5.5527521e-01
   5.5526095e-01
   5.5524802e-01
   5.5523633e-01
   5.5522576e-01
   5.5521621e-01
   5.5520758e-01
   5.5519976e-01
   5.5519267e-01
   5.5518624e-01
   5.5518041e-01
   5.5517513e-01
   5.5517035e-01
   5.5516604e-01
   5.5516217e-01
   5.5515870e-01
   5.5515563e-01
   5.5515293e-01
   5.5515059e-01
   5.5514859e-01
   5.5514692e-01
   5.5514557e-01
   5.5514453e-01
   5.5514377e-01
   5.5514331e-01
   5.5514312e-01
   5.5514320e-01
   5.5514354e-01
   5.5514414e-01
   5.5514499e-01
   5.5514609e-01
   5.5514744e-01
   5.5514905e-01
   5.5515091e-01
   5.5515303e-01
   5.5515541e-01
   5.5515806e-01
   5.5516099e-01
   5.5516420e-01
   5.5516769e-01
   5.5517147e-01
   5.5517555e-01
   5.5517992e-01
   5.5518459e-01
   5.5518954e-01
   5.5519478e-01
   5.5520029e-01
   5.5520606e-01
   5.5521208e-01
   5.5521833e-01
   5.5522480e-01
   5.5523145e-01
   5.5523828e-01
   5.5524526e-01
   5.5525238e-01
   5.5525960e-01
   5.5526692e-01
   5.5527431e-01
   5.5528176e-01
   5.5528924e-01
   5.5529675e-01
   5.5530426e-01
   5.5531177e-01
   5.5531925e-01
   5.5532670e-01
   5.5533411e-01
   5.5534147e-01
   5.5534876e-01
   5.5535599e-01
   5.5536313e-01
   5.5537020e-01
   5.5537717e-01
   5.5538405e-01
   5.5539084e-01
   5.5539752e-01
   5.5540409e-01
   5.5541056e-01
   5.5541692e-01
   5.5542317e-01
   5.5542930e-01
   5.5543533e-01
   5.5544123e-01
   5.5544703e-01
   5.5545270e-01
   5.5545826e-01
   5.5546371e-01
   5.5546904e-01
   5.5547426e-01
   5.5547936e-01
   5.5548435e-01
   5.5548924e-01
   5.5549401e-01
   5.5549867e-01
   5.5550323e-01
   5.5550768e-01
   5.5551202e-01
   5.5551627e-01
   5.5552041e-01
   5.5552445e-01
   5.5552840e-01
   5.5553225e-01
   5.5553600e-01
   5.5553966e-01
   5.5554323e-01
   5.5554672e-01
   5.5555011e-01
   5.5555342e-01
   5.5555665e-01
   5.5555979e-01
   5.5556285e-01
   5.5556584e-01
   5.5556875e-01
   5.5557159e-01
   5.5557436e-01
   5.5557706e-01
   5.5557969e-01
   5.5558227e-01
   5.5558478e-01
   5.5558723e-01
   5.5558963e-01
   5.5559197e-01
   5.5559426e-01
   5.5559650e-01
   5.5559869e-01
   5.5560083e-01
   5.5560293e-01
   5.5560497e-01
   5.5560697e-01
   5.5560893e-01
   5.5561084e-01
   5.5561271e-01
   5.5561453e-01
   5.5561631e-01
   5.5561805e-01
   5.5561975e-01
   5.5562142e-01
   5.5562304e-01
   5.5562462e-01
   5.5562617e-01
   5.5562768e-01
   5.5562915e-01
   5.5563059e-01
   5.5563199e-01
   5.5563336e-01
   5.5563470e-01
   5.5563600e-01
   5.5563727e-01
   5.5563851e-01
   5.5563973e-01
   5.5564091e-01
   5.5564206e-01
   5.5564319e-01
   5.5564428e-01
   5.5564536e-01
   5.5564640e-01
   5.5564742e-01
   5.5564841e-01
   5.5564938e-01
   5.5565033e-01
   5.5565125e-01
   5.5565216e-01
   5.5565303e-01
   5.5565389e-01
   5.5565473e-01
   5.5565555e-01
   5.5565634e-01
   5.5565712e-01
   5.5565788e-01
   5.5565862e-01
   5.5565934e-01
   5.5566004e-01
   5.5566073e-01
   5.5566140e-01
   5.5566206e-01
   5.5566270e-01
   5.5566332e-01
   5.5566393e-01
   5.5566452e-01
   5.5566511e-01
   5.5566567e-01
   5.5566622e-01
   5.5566676e-01
   5.5566729e-01
   5.5566780e-01
   5.5566827e-01
   5.5566871e-01
   5.5566903e-01
   5.5566825e-01
   5.5566898e-01
   5.5566693e-01
   5.5566974e-01
   5.5566647e-01
   5.5566847e-01
   5.5566826e-01
   5.5567119e-01
   5.5566991e-01
   5.5567200e-01
   5.5567131e-01
   5.5567275e-01
   5.5567256e-01
   5.5567349e-01
   5.5567358e-01
   5.5567424e-01
   5.5567445e-01
   5.5567497e-01
   5.5567521e-01
   5.5567567e-01
   5.5567590e-01
   5.5567631e-01
   5.5567651e-01
   5.5567688e-01
   5.5567698e-01
   5.5567734e-01
   5.5567658e-01
   5.5567728e-01
   5.5567649e-01
   5.5567684e-01
   5.5567726e-01
   5.5567763e-01
   5.5567790e-01
   5.5567819e-01
   5.5567848e-01
   5.5567877e-01
   5.5567906e-01
   5.5567937e-01
   5.5567966e-01
   5.5567993e-01
   5.5568013e-01
   5.5568029e-01
   5.5568044e-01
   5.5568059e-01
   5.5568074e-01
   5.5568088e-01
   5.5568098e-01
   5.5568110e-01
   5.5568028e-01
   5.5568084e-01
   5.5568140e-01
   5.5568161e-01
   5.5568172e-01
   5.5568183e-01
   5.5568194e-01
   5.5568206e-01
   5.5568183e-01
   5.5568216e-01
   5.5568151e-01
   5.5568235e-01
   5.5568152e-01
   5.5568172e-01
   5.5568200e-01
   5.5568236e-01
   5.5568273e-01
   5.5568284e-01
   5.5568300e-01
   5.5568311e-01
   5.5568319e-01
   5.5568327e-01
   5.5568334e-01
   5.5568342e-01
   5.5568348e-01
   5.5568355e-01
   5.5568361e-01
   5.5568367e-01
   5.5568373e-01
   5.5568378e-01
   5.5568383e-01
   5.5568388e-01
   5.5568393e-01
   5.5568398e-01
   5.5568402e-01
   5.5568407e-01
   5.5568411e-01
   5.5568416e-01
   5.5568420e-01
   5.5568424e-01
   5.5568428e-01
   5.5568432e-01
   5.5568436e-01
   5.5568439e-01
   5.5568443e-01
   5.5568447e-01
   5.5568450e-01
   5.5568454e-01
   5.5568457e-01
   5.5568460e-01
   5.5568464e-01
   5.5568467e-01
   5.5568469e-01
   5.5568472e-01
   5.5568474e-01
   5.5568476e-01
   5.5568478e-01
   5.5568480e-01
   5.5568483e-01
   5.5568486e-01
   5.5568489e-01
   5.5568495e-01
   5.5568503e-01
   5.5568513e-01
   5.5568523e-01
   5.5568532e-01
   5.5568538e-01
   5.5568541e-01
   5.5568544e-01
   5.5568547e-01
   5.5568552e-01
   5.5568556e-01
   5.5568560e-01
   5.5568546e-01
   5.5568560e-01
   5.5568542e-01
   5.5568563e-01
   5.5568560e-01
   5.5568574e-01
   5.5568561e-01
   5.5568578e-01
   5.5568555e-01
   5.5568583e-01
   5.5568548e-01
   5.5568591e-01
   5.5568535e-01
   5.5568582e-01
   5.5568571e-01
   5.5568588e-01
   5.5568572e-01
   5.5568590e-01
   5.5568544e-01
   5.5568592e-01
   5.5568535e-01
   5.5568591e-01
   5.5568552e-01
   5.5568590e-01
   5.5568554e-01
   5.5568590e-01
   5.5568569e-01
   5.5568587e-01
   5.5568582e-01
   5.5568587e-01
   5.5568574e-01
   5.5568588e-01
   5.5568585e-01
   5.5568580e-01
   5.5568588e-01
   5.5568572e-01
   5.5568588e-01
   5.5568585e-01
   5.5568587e-01
   5.5568575e-01
   5.5568588e-01
   5.5568586e-01
   5.5568584e-01
   5.5568586e-01
   5.5568580e-01
   5.5568589e-01
   5.5568571e-01
   5.5568589e-01
   5.5568582e-01
   5.5568587e-01
   5.5568586e-01
   5.5568584e-01
   5.5568586e-01
   5.5568584e-01
   5.5568585e-01
   5.5568584e-01
   5.5568585e-01
   5.5568584e-01
   5.5568585e-01
   5.5568585e-01
   5.5568585e-01
   5.5568585e-01
   5.5568585e-01
   5.5568585e-01
   5.5568585e-01
   5.5568585e-01
   5.5568585e-01
   5.5568585e-01
   5.5568585e-01
   5.5568585e-01
   5.5568586e-01
   5.5568586e-01
   5.5568586e-01
   5.5568586e-01
   5.5568586e-01
   5.5568586e-01
   5.5568586e-01
   5.5568586e-01
   5.5568586e-01
   5.5568586e-01
   5.5568587e-01
   5.5568587e-01
   5.5568587e-01
   5.5568587e-01
   5.5568587e-01
   5.5568587e-01
   5.5568587e-01
   5.5568587e-01
   5.5568587e-01
   5.5568587e-01
   5.5568588e-01
   5.5568588e-01
   5.5568588e-01
   5.5568588e-01
   5.5568588e-01
   5.5568588e-01
   5.5568588e-01
   5.5568588e-01
   5.5568588e-01
   5.5568588e-01
   5.5568589e-01
   5.5568589e-01
   5.5568589e-01
   5.5568589e-01
   5.5568589e-01
   5.5568589e-01
   5.5568589e-01
   5.5568589e-01
   5.5568589e-01
   5.5568589e-01
   5.5568589e-01
   5.5568589e-01
   5.5568590e-01
   5.5568590e-01
