   7.0686815e-01
   6.4867444e-01
   6.1516593e-01
   5.9537662e-01
   5.8319293e-01
   5.7536652e-01
   5.7013811e-01
   5.6652047e-01
   5.6393829e-01
   5.6204399e-01
   5.6062050e-01
   5.5952806e-01
   5.5867423e-01
   5.5799635e-01
   5.5745101e-01
   5.5700747e-01
   5.5664355e-01
   5.5634286e-01
   5.5609304e-01
   5.5588456e-01
   5.5570994e-01
   5.5556323e-01
   5.5543961e-01
   5.5533513e-01
   5.5524654e-01
   5.5517109e-01
   5.5510649e-01
   5.5505079e-01
   5.5500230e-01
   5.5495962e-01
   5.5492152e-01
   5.5488700e-01
   5.5485518e-01
   5.5482535e-01
   5.5479694e-01
   5.5476949e-01
   5.5474266e-01
   5.5471620e-01
   5.5469000e-01
   5.5466398e-01
   5.5463820e-01
   5.5461273e-01
   5.5458772e-01
   5.5456336e-01
   5.5453984e-01
   5.5451737e-01
   5.5449614e-01
   5.5447631e-01
   5.5445804e-01
   5.5444141e-01
   5.5442650e-01
   5.5441332e-01
   5.5440188e-01
   5.5439213e-01
   5.5438400e-01
   5.5437741e-01
   5.5437227e-01
   5.5436847e-01
   5.5436591e-01
   5.5436448e-01
   5.5436408e-01
   5.5436464e-01
   5.5436607e-01
   5.5436830e-01
   5.5437128e-01
   5.5437495e-01
   5.5437927e-01
   5.5438421e-01
   5.5438976e-01
   5.5439587e-01
   5.5440255e-01
   5.5440978e-01
   5.5441755e-01
   5.5442585e-01
   5.5443468e-01
   5.5444404e-01
   5.5445392e-01
   5.5446433e-01
   5.5447527e-01
   5.5448673e-01
   5.5449874e-01
   5.5451128e-01
   5.5452437e-01
   5.5453802e-01
   5.5455224e-01
   5.5456703e-01
   5.5458241e-01
   5.5459839e-01
   5.5461497e-01
   5.5463213e-01
   5.5464983e-01
   5.5466801e-01
   5.5468653e-01
   5.5470519e-01
   5.5472372e-01
   5.5474177e-01
   5.5475895e-01
   5.5477493e-01
   5.5478943e-01
   5.5480239e-01
   5.5481390e-01
   5.5482421e-01
   5.5483368e-01
   5.5484264e-01
   5.5485137e-01
   5.5486010e-01
   5.5486897e-01
   5.5487805e-01
   5.5488737e-01
   5.5489693e-01
   5.5490671e-01
   5.5491668e-01
   5.5492682e-01
   5.5493708e-01
   5.5494744e-01
   5.5495787e-01
   5.5496834e-01
   5.5497885e-01
   5.5498936e-01
   5.5499987e-01
   5.5501037e-01
   5.5502085e-01
   5.5503131e-01
   5.5504174e-01
   5.5505215e-01
   5.5506252e-01
   5.5507288e-01
   5.5508320e-01
   5.5509349e-01
   5.5510375e-01
   5.5511397e-01
   5.5512414e-01
   5.5513426e-01
   5.5514432e-01
   5.5515431e-01
   5.5516423e-01
   5.5517409e-01
   5.5518387e-01
   5.5519360e-01
   5.5520328e-01
   5.5521291e-01
   5.5522253e-01
   5.5523214e-01
   5.5524177e-01
   5.5525144e-01
   5.5526118e-01
   5.5527099e-01
   5.5528089e-01
   5.5529085e-01
   5.5530084e-01
   5.5531079e-01
   5.5532061e-01
   5.5533022e-01
   5.5533955e-01
   5.5534859e-01
   5.5535735e-01
   5.5536587e-01
   5.5537420e-01
   5.5538232e-01
   5.5539017e-01
   5.5539770e-01
   5.5540487e-01
   5.5541173e-01
   5.5541837e-01
   5.5542483e-01
   5.5543114e-01
   5.5543732e-01
   5.5544339e-01
   5.5544937e-01
   5.5545529e-01
   5.5546120e-01
   5.5546711e-01
   5.5547306e-01
   5.5547906e-01
   5.5548506e-01
   5.5549094e-01
   5.5549651e-01
   5.5550152e-01
   5.5550588e-01
   5.5550968e-01
   5.5551310e-01
   5.5551628e-01
   5.5551935e-01
   5.5552237e-01
   5.5552538e-01
   5.5552839e-01
   5.5553143e-01
   5.5553449e-01
   5.5553754e-01
   5.5554056e-01
   5.5554353e-01
   5.5554644e-01
   5.5554929e-01
   5.5555211e-01
   5.5555488e-01
   5.5555761e-01
   5.5556027e-01
   5.5556283e-01
   5.5556530e-01
   5.5556768e-01
   5.5557000e-01
   5.5557227e-01
   5.5557450e-01
   5.5557669e-01
   5.5557883e-01
   5.5558094e-01
   5.5558300e-01
   5.5558504e-01
   5.5558704e-01
   5.5558901e-01
   5.5559096e-01
   5.5559289e-01
   5.5559480e-01
   5.5559669e-01
   5.5559857e-01
   5.5560043e-01
   5.5560228e-01
   5.5560412e-01
   5.5560596e-01
   5.5560779e-01
   5.5560962e-01
   5.5561146e-01
   5.5561330e-01
   5.5561516e-01
   5.5561703e-01
   5.5561893e-01
   5.5562086e-01
   5.5562281e-01
   5.5562478e-01
   5.5562673e-01
   5.5562861e-01
   5.5563036e-01
   5.5563193e-01
   5.5563334e-01
   5.5563461e-01
   5.5563578e-01
   5.5563688e-01
   5.5563792e-01
   5.5563892e-01
   5.5563988e-01
   5.5564081e-01
   5.5564171e-01
   5.5564260e-01
   5.5564346e-01
   5.5564431e-01
   5.5564514e-01
   5.5564596e-01
   5.5564677e-01
   5.5564756e-01
   5.5564834e-01
   5.5564911e-01
   5.5564986e-01
   5.5565060e-01
   5.5565134e-01
   5.5565206e-01
   5.5565276e-01
   5.5565346e-01
   5.5565414e-01
   5.5565482e-01
   5.5565548e-01
   5.5565613e-01
   5.5565677e-01
   5.5565740e-01
   5.5565801e-01
   5.5565862e-01
   5.5565921e-01
   5.5565980e-01
   5.5566037e-01
   5.5566093e-01
   5.5566149e-01
   5.5566203e-01
   5.5566256e-01
   5.5566308e-01
   5.5566359e-01
   5.5566409e-01
   5.5566458e-01
   5.5566506e-01
   5.5566553e-01
   5.5566599e-01
   5.5566645e-01
   5.5566689e-01
   5.5566732e-01
   5.5566775e-01
   5.5566817e-01
   5.5566857e-01
   5.5566897e-01
   5.5566936e-01
   5.5566975e-01
   5.5567012e-01
   5.5567049e-01
   5.5567084e-01
   5.5567120e-01
   5.5567154e-01
   5.5567187e-01
   5.5567220e-01
   5.5567252e-01
   5.5567284e-01
   5.5567315e-01
   5.5567345e-01
   5.5567374e-01
   5.5567403e-01
   5.5567431e-01
   5.5567459e-01
   5.5567485e-01
   5.5567512e-01
   5.5567537e-01
   5.5567562e-01
   5.5567587e-01
   5.5567611e-01
   5.5567634e-01
   5.5567657e-01
   5.5567680e-01
   5.5567702e-01
   5.5567723e-01
   5.5567744e-01
   5.5567764e-01
   5.5567784e-01
   5.5567804e-01
   5.5567823e-01
   5.5567841e-01
   5.5567859e-01
   5.5567877e-01
   5.5567895e-01
   5.5567911e-01
   5.5567928e-01
   5.5567944e-01
   5.5567960e-01
   5.5567975e-01
   5.5567990e-01
   5.5568005e-01
   5.5568019e-01
   5.5568033e-01
   5.5568047e-01
   5.5568060e-01
   5.5568073e-01
   5.5568086e-01
   5.5568098e-01
   5.5568111e-01
   5.5568122e-01
   5.5568134e-01
   5.5568145e-01
   5.5568156e-01
   5.5568167e-01
   5.5568177e-01
   5.5568188e-01
   5.5568198e-01
   5.5568207e-01
   5.5568217e-01
   5.5568226e-01
   5.5568235e-01
   5.5568244e-01
   5.5568253e-01
   5.5568261e-01
   5.5568269e-01
   5.5568277e-01
   5.5568285e-01
   5.5568293e-01
   5.5568300e-01
   5.5568308e-01
   5.5568315e-01
   5.5568322e-01
   5.5568328e-01
   5.5568335e-01
   5.5568341e-01
   5.5568348e-01
   5.5568354e-01
   5.5568360e-01
   5.5568365e-01
   5.5568371e-01
   5.5568377e-01
   5.5568382e-01
   5.5568387e-01
   5.5568393e-01
   5.5568398e-01
   5.5568402e-01
   5.5568407e-01
   5.5568412e-01
   5.5568416e-01
   5.5568421e-01
   5.5568425e-01
   5.5568429e-01
   5.5568433e-01
   5.5568437e-01
   5.5568441e-01
   5.5568445e-01
   5.5568449e-01
   5.5568452e-01
   5.5568456e-01
   5.5568459e-01
   5.5568463e-01
   5.5568466e-01
   5.5568469e-01
   5.5568472e-01
   5.5568475e-01
   5.5568478e-01
   5.5568481e-01
   5.5568484e-01
   5.5568487e-01
   5.5568490e-01
   5.5568492e-01
   5.5568495e-01
   5.5568497e-01
   5.5568500e-01
   5.5568502e-01
   5.5568504e-01
   5.5568506e-01
   5.5568509e-01
   5.5568511e-01
   5.5568513e-01
   5.5568515e-01
   5.5568517e-01
   5.5568519e-01
   5.5568521e-01
   5.5568523e-01
   5.5568524e-01
   5.5568526e-01
   5.5568528e-01
   5.5568529e-01
   5.5568531e-01
   5.5568533e-01
   5.5568534e-01
   5.5568536e-01
   5.5568537e-01
   5.5568538e-01
   5.5568540e-01
   5.5568541e-01
   5.5568543e-01
   5.5568544e-01
   5.5568545e-01
   5.5568546e-01
   5.5568547e-01
   5.5568549e-01
   5.5568550e-01
   5.5568551e-01
   5.5568552e-01
   5.5568553e-01
   5.5568554e-01
   5.5568555e-01
   5.5568556e-01
   5.5568557e-01
   5.5568558e-01
   5.5568559e-01
   5.5568560e-01
   5.5568560e-01
   5.5568561e-01
   5.5568562e-01
   5.5568563e-01
   5.5568564e-01
   5.5568564e-01
   5.5568565e-01
   5.5568566e-01
   5.5568567e-01
   5.5568567e-01
   5.5568568e-01
   5.5568569e-01
   5.5568569e-01
   5.5568570e-01
   5.5568570e-01
   5.5568571e-01
   5.5568571e-01
   5.5568572e-01
   5.5568573e-01
   5.5568573e-01
   5.5568574e-01
   5.5568574e-01
   5.5568575e-01
   5.5568575e-01
   5.5568576e-01
   5.5568576e-01
   5.5568576e-01
   5.5568577e-01
   5.5568577e-01
   5.5568578e-01
   5.5568578e-01
   5.5568578e-01
   5.5568579e-01
   5.5568579e-01
   5.5568580e-01
   5.5568580e-01
   5.5568580e-01
   5.5568581e-01
   5.5568581e-01
   5.5568581e-01
   5.5568581e-01
   5.5568582e-01
   5.5568582e-01
   5.5568582e-01
   5.5568583e-01
   5.5568583e-01
   5.5568583e-01
   5.5568583e-01
   5.5568584e-01
   5.5568584e-01
   5.5568584e-01
   5.5568584e-01
   5.5568585e-01
   5.5568585e-01
   5.5568585e-01
   5.5568585e-01
   5.5568585e-01
