   6.8805216e-01
   6.4404215e-01
   6.1590733e-01
   5.9783776e-01
   5.8604449e-01
   5.7816739e-01
   5.7276396e-01
   5.6895415e-01
   5.6619562e-01
   5.6414826e-01
   5.6259412e-01
   5.6139034e-01
   5.6044103e-01
   5.5968043e-01
   5.5906243e-01
   5.5855408e-01
   5.5813138e-01
   5.5777655e-01
   5.5747621e-01
   5.5722014e-01
   5.5700041e-01
   5.5681082e-01
   5.5664643e-01
   5.5650330e-01
   5.5637823e-01
   5.5626859e-01
   5.5617223e-01
   5.5608735e-01
   5.5601245e-01
   5.5594626e-01
   5.5588768e-01
   5.5583577e-01
   5.5578972e-01
   5.5574882e-01
   5.5571242e-01
   5.5567998e-01
   5.5565098e-01
   5.5562498e-01
   5.5560156e-01
   5.5558035e-01
   5.5556102e-01
   5.5554326e-01
   5.5552681e-01
   5.5551143e-01
   5.5549692e-01
   5.5548313e-01
   5.5546991e-01
   5.5545716e-01
   5.5544477e-01
   5.5543264e-01
   5.5542066e-01
   5.5540868e-01
   5.5539653e-01
   5.5538404e-01
   5.5537097e-01
   5.5535710e-01
   5.5534222e-01
   5.5532612e-01
   5.5530865e-01
   5.5528968e-01
   5.5526918e-01
   5.5524719e-01
   5.5522384e-01
   5.5519934e-01
   5.5517397e-01
   5.5514806e-01
   5.5512196e-01
   5.5509605e-01
   5.5507065e-01
   5.5504607e-01
   5.5502255e-01
   5.5500027e-01
   5.5497935e-01
   5.5495988e-01
   5.5494187e-01
   5.5492533e-01
   5.5491021e-01
   5.5489646e-01
   5.5488403e-01
   5.5487283e-01
   5.5486279e-01
   5.5485384e-01
   5.5484592e-01
   5.5483894e-01
   5.5483285e-01
   5.5482760e-01
   5.5482314e-01
   5.5481941e-01
   5.5481638e-01
   5.5481402e-01
   5.5481228e-01
   5.5481116e-01
   5.5481062e-01
   5.5481066e-01
   5.5481125e-01
   5.5481239e-01
   5.5481408e-01
   5.5481630e-01
   5.5481905e-01
   5.5482233e-01
   5.5482614e-01
   5.5483047e-01
   5.5483532e-01
   5.5484068e-01
   5.5484653e-01
   5.5485288e-01
   5.5485970e-01
   5.5486699e-01
   5.5487472e-01
   5.5488288e-01
   5.5489144e-01
   5.5490039e-01
   5.5490970e-01
   5.5491935e-01
   5.5492930e-01
   5.5493954e-01
   5.5495004e-01
   5.5496077e-01
   5.5497170e-01
   5.5498281e-01
   5.5499407e-01
   5.5500546e-01
   5.5501696e-01
   5.5502853e-01
   5.5504017e-01
   5.5505184e-01
   5.5506352e-01
   5.5507521e-01
   5.5508688e-01
   5.5509852e-01
   5.5511010e-01
   5.5512163e-01
   5.5513307e-01
   5.5514443e-01
   5.5515568e-01
   5.5516683e-01
   5.5517786e-01
   5.5518876e-01
   5.5519953e-01
   5.5521015e-01
   5.5522063e-01
   5.5523096e-01
   5.5524113e-01
   5.5525114e-01
   5.5526099e-01
   5.5527068e-01
   5.5528020e-01
   5.5528955e-01
   5.5529873e-01
   5.5530774e-01
   5.5531658e-01
   5.5532526e-01
   5.5533376e-01
   5.5534209e-01
   5.5535026e-01
   5.5535826e-01
   5.5536609e-01
   5.5537377e-01
   5.5538127e-01
   5.5538862e-01
   5.5539581e-01
   5.5540284e-01
   5.5540972e-01
   5.5541645e-01
   5.5542302e-01
   5.5542945e-01
   5.5543574e-01
   5.5544188e-01
   5.5544788e-01
   5.5545374e-01
   5.5545947e-01
   5.5546506e-01
   5.5547052e-01
   5.5547586e-01
   5.5548107e-01
   5.5548616e-01
   5.5549112e-01
   5.5549597e-01
   5.5550071e-01
   5.5550533e-01
   5.5550984e-01
   5.5551424e-01
   5.5551854e-01
   5.5552273e-01
   5.5552682e-01
   5.5553081e-01
   5.5553471e-01
   5.5553851e-01
   5.5554221e-01
   5.5554583e-01
   5.5554936e-01
   5.5555280e-01
   5.5555616e-01
   5.5555944e-01
   5.5556264e-01
   5.5556575e-01
   5.5556879e-01
   5.5557176e-01
   5.5557465e-01
   5.5557748e-01
   5.5558023e-01
   5.5558291e-01
   5.5558553e-01
   5.5558808e-01
   5.5559057e-01
   5.5559300e-01
   5.5559537e-01
   5.5559768e-01
   5.5559993e-01
   5.5560213e-01
   5.5560427e-01
   5.5560636e-01
   5.5560840e-01
   5.5561038e-01
   5.5561232e-01
   5.5561421e-01
   5.5561605e-01
   5.5561784e-01
   5.5561959e-01
   5.5562130e-01
   5.5562296e-01
   5.5562458e-01
   5.5562617e-01
   5.5562771e-01
   5.5562921e-01
   5.5563067e-01
   5.5563210e-01
   5.5563350e-01
   5.5563485e-01
   5.5563617e-01
   5.5563746e-01
   5.5563872e-01
   5.5563995e-01
   5.5564114e-01
   5.5564230e-01
   5.5564344e-01
   5.5564454e-01
   5.5564562e-01
   5.5564667e-01
   5.5564769e-01
   5.5564868e-01
   5.5564965e-01
   5.5565060e-01
   5.5565152e-01
   5.5565241e-01
   5.5565328e-01
   5.5565413e-01
   5.5565493e-01
   5.5565572e-01
   5.5565516e-01
   5.5565600e-01
   5.5564983e-01
   5.5565397e-01
   5.5565539e-01
   5.5565897e-01
   5.5565478e-01
   5.5565889e-01
   5.5565700e-01
   5.5566152e-01
   5.5565820e-01
   5.5566175e-01
   5.5565976e-01
   5.5566391e-01
   5.5566209e-01
   5.5566518e-01
   5.5566119e-01
   5.5566418e-01
   5.5566109e-01
   5.5566512e-01
   5.5566784e-01
   5.5566739e-01
   5.5566904e-01
   5.5566577e-01
   5.5566781e-01
   5.5566792e-01
   5.5567081e-01
   5.5566766e-01
   5.5566945e-01
   5.5566958e-01
   5.5567226e-01
   5.5566960e-01
   5.5567101e-01
   5.5567219e-01
   5.5567352e-01
   5.5567247e-01
   5.5567436e-01
   5.5567199e-01
   5.5567343e-01
   5.5567412e-01
   5.5567546e-01
   5.5567400e-01
   5.5567605e-01
   5.5567395e-01
   5.5567544e-01
   5.5567588e-01
   5.5567702e-01
   5.5567583e-01
   5.5567756e-01
   5.5567588e-01
   5.5567735e-01
   5.5567738e-01
   5.5567839e-01
   5.5567742e-01
   5.5567880e-01
   5.5567757e-01
   5.5567913e-01
   5.5567779e-01
   5.5567920e-01
   5.5567831e-01
   5.5567998e-01
   5.5567874e-01
   5.5567992e-01
   5.5567896e-01
   5.5568059e-01
   5.5567944e-01
   5.5568080e-01
   5.5567986e-01
   5.5568103e-01
   5.5568060e-01
   5.5568112e-01
   5.5568104e-01
   5.5568127e-01
   5.5568131e-01
   5.5568146e-01
   5.5568154e-01
   5.5568166e-01
   5.5568175e-01
   5.5568186e-01
   5.5568196e-01
   5.5568206e-01
   5.5568215e-01
   5.5568225e-01
   5.5568234e-01
   5.5568243e-01
   5.5568252e-01
   5.5568260e-01
   5.5568269e-01
   5.5568277e-01
   5.5568285e-01
   5.5568293e-01
   5.5568300e-01
   5.5568308e-01
   5.5568315e-01
   5.5568322e-01
   5.5568329e-01
   5.5568335e-01
   5.5568342e-01
   5.5568348e-01
   5.5568354e-01
   5.5568360e-01
   5.5568366e-01
   5.5568372e-01
   5.5568378e-01
   5.5568383e-01
   5.5568388e-01
   5.5568393e-01
   5.5568398e-01
   5.5568403e-01
   5.5568408e-01
   5.5568413e-01
   5.5568417e-01
   5.5568422e-01
   5.5568426e-01
   5.5568430e-01
   5.5568434e-01
   5.5568438e-01
   5.5568442e-01
   5.5568446e-01
   5.5568450e-01
   5.5568453e-01
   5.5568457e-01
   5.5568460e-01
   5.5568464e-01
   5.5568467e-01
   5.5568470e-01
   5.5568473e-01
   5.5568476e-01
   5.5568479e-01
   5.5568482e-01
   5.5568485e-01
   5.5568487e-01
   5.5568490e-01
   5.5568493e-01
   5.5568495e-01
   5.5568498e-01
   5.5568500e-01
   5.5568502e-01
   5.5568505e-01
   5.5568507e-01
   5.5568509e-01
   5.5568511e-01
   5.5568513e-01
   5.5568515e-01
   5.5568517e-01
   5.5568519e-01
   5.5568521e-01
   5.5568523e-01
   5.5568524e-01
   5.5568526e-01
   5.5568528e-01
   5.5568530e-01
   5.5568531e-01
   5.5568533e-01
   5.5568534e-01
   5.5568536e-01
   5.5568537e-01
   5.5568539e-01
   5.5568540e-01
   5.5568541e-01
   5.5568543e-01
   5.5568544e-01
   5.5568545e-01
   5.5568546e-01
   5.5568547e-01
   5.5568549e-01
   5.5568550e-01
   5.5568551e-01
   5.5568552e-01
   5.5568553e-01
   5.5568554e-01
   5.5568555e-01
   5.5568556e-01
   5.5568557e-01
   5.5568558e-01
   5.5568559e-01
   5.5568559e-01
   5.5568560e-01
   5.5568561e-01
   5.5568562e-01
   5.5568563e-01
   5.5568564e-01
   5.5568564e-01
   5.5568565e-01
   5.5568566e-01
   5.5568566e-01
   5.5568567e-01
   5.5568568e-01
   5.5568568e-01
   5.5568569e-01
   5.5568570e-01
   5.5568570e-01
   5.5568571e-01
   5.5568571e-01
   5.5568572e-01
   5.5568572e-01
   5.5568573e-01
   5.5568573e-01
   5.5568574e-01
   5.5568574e-01
   5.5568575e-01
   5.5568575e-01
   5.5568576e-01
   5.5568576e-01
   5.5568577e-01
   5.5568577e-01
   5.5568577e-01
   5.5568578e-01
   5.5568578e-01
   5.5568579e-01
   5.5568579e-01
   5.5568579e-01
   5.5568580e-01
   5.5568580e-01
   5.5568580e-01
   5.5568581e-01
   5.5568581e-01
   5.5568581e-01
   5.5568582e-01
   5.5568582e-01
   5.5568582e-01
   5.5568582e-01
   5.5568583e-01
   5.5568583e-01
   5.5568583e-01
   5.5568583e-01
   5.5568584e-01
   5.5568584e-01
   5.5568584e-01
   5.5568584e-01
   5.5568585e-01
   5.5568585e-01
   5.5568585e-01
   5.5568585e-01
   5.5568585e-01
   5.5568586e-01
   5.5568586e-01
   5.5568586e-01
   5.5568586e-01
   5.5568586e-01
   5.5568587e-01
   5.5568587e-01
   5.5568587e-01
   5.5568587e-01
   5.5568587e-01
   5.5568587e-01
   5.5568587e-01
   5.5568588e-01
   5.5568588e-01
   5.5568588e-01
   5.5568588e-01
