   6.9017873e-01
   6.6782310e-01
   6.5249061e-01
   6.4022448e-01
   6.2929804e-01
   6.1861695e-01
   6.0695792e-01
   5.9466134e-01
   5.8200334e-01
   5.7094060e-01
   5.5662781e-01
   5.5766600e-01
   5.3530393e-01
   5.5596217e-01
   5.2356090e-01
   5.2862737e-01
   5.0911241e-01
   5.0796528e-01
   5.1550810e-01
   4.9782798e-01
   4.7615073e-01
   5.0114063e-01
   4.9051672e-01
   4.9460126e-01
   4.5199108e-01
   4.8659137e-01
   4.3875724e-01
   4.9514182e-01
   4.2761000e-01
   4.7786611e-01
   4.3165579e-01
   4.7360885e-01
   4.4465553e-01
   4.9075506e-01
   4.4314541e-01
   4.6022598e-01
   4.3785363e-01
   4.5295754e-01
   4.3213035e-01
   4.4115793e-01
   4.2454760e-01
   4.3710720e-01
   4.1726659e-01
   4.2255576e-01
   4.0411280e-01
   4.1502049e-01
   3.9033868e-01
   4.1395089e-01
   3.8596403e-01
   4.3927870e-01
   3.8435890e-01
   4.8845844e-01
   3.9550310e-01
   4.6027506e-01
   3.9926697e-01
   4.5252332e-01
   3.9829931e-01
   4.3718779e-01
   3.9612624e-01
   4.2976358e-01
   3.9028761e-01
   4.0379955e-01
   3.8827317e-01
   3.8694890e-01
   3.8703025e-01
   3.8507698e-01
   3.8297518e-01
   3.8400776e-01
   3.7997542e-01
   3.8816045e-01
   3.7776188e-01
   4.1040853e-01
   3.7662794e-01
   4.6062786e-01
   3.8307952e-01
   4.4568067e-01
   4.1226595e-01
   4.6884963e-01
   4.0842232e-01
   4.3786253e-01
   3.9157290e-01
   4.1405829e-01
   3.8681922e-01
   3.8476869e-01
   3.8433314e-01
   3.8295355e-01
   3.8206517e-01
   3.8088685e-01
   3.8022156e-01
   3.7994004e-01
   3.7661328e-01
   3.8050691e-01
   3.7684178e-01
   3.7956642e-01
   3.7543081e-01
   3.8223724e-01
   3.7366373e-01
   4.5080994e-01
   3.7219704e-01
   4.1908098e-01
   3.6980405e-01
   4.7685387e-01
   3.6620010e-01
   4.3771635e-01
   3.7369227e-01
   4.7304603e-01
   3.6765308e-01
   4.1804936e-01
   4.4032709e-01
   4.2045475e-01
   3.7788644e-01
   5.1800887e-01
   3.6380528e-01
   4.2105149e-01
   3.7244734e-01
   4.6967614e-01
   3.6642556e-01
   4.7251167e-01
   3.6933749e-01
   3.9501309e-01
   3.7946422e-01
   4.4070922e-01
   3.6364480e-01
   3.6895991e-01
   3.7050508e-01
   3.6649466e-01
   3.6712365e-01
   3.6292082e-01
   3.6341554e-01
   3.6177024e-01
   3.5878869e-01
   3.6319174e-01
   3.5788551e-01
   3.8240074e-01
   3.5750296e-01
   5.8998635e-01
   3.6135573e-01
   5.1593980e-01
   3.6173414e-01
   4.7280950e-01
   3.6038661e-01
   4.1090234e-01
   3.5665499e-01
   3.6231275e-01
   3.5784296e-01
   3.6237488e-01
   3.5500882e-01
   3.6928294e-01
   3.6016751e-01
   5.2813525e-01
   3.5663877e-01
   5.0616043e-01
   3.5605527e-01
   5.0477106e-01
   3.5711118e-01
   4.3320580e-01
   3.5590205e-01
   4.8998791e-01
   3.5602875e-01
   3.8835126e-01
   3.5238488e-01
   4.4863203e-01
   3.6697797e-01
   3.8141596e-01
   3.5674008e-01
   6.0993346e-01
   3.5800109e-01
   3.6215704e-01
   3.5804428e-01
   3.5993932e-01
   3.5762604e-01
   3.6545887e-01
   3.5850340e-01
   4.1720448e-01
   3.5529468e-01
   5.2560625e-01
   3.5237905e-01
   5.4721333e-01
   3.5246738e-01
   3.5333683e-01
   3.6864999e-01
   3.5925123e-01
   4.2642384e-01
   4.7106374e-01
   5.9208508e-01
   3.9580213e-01
   3.5395051e-01
   5.0503499e-01
   3.6222191e-01
   4.8584473e-01
   3.5704557e-01
   4.9111645e-01
   3.5799359e-01
   3.5786519e-01
   3.5542967e-01
   3.5608149e-01
   3.5653908e-01
   3.7660064e-01
   3.5781973e-01
   5.1042045e-01
   3.5451476e-01
   4.7177606e-01
   3.5845249e-01
   3.7652161e-01
   3.6157601e-01
   3.6455954e-01
   3.5983238e-01
   3.6227355e-01
   3.5727250e-01
   3.5991507e-01
   3.5483747e-01
   3.6918241e-01
   3.6133509e-01
   4.3219573e-01
   3.5415285e-01
   4.9751843e-01
   3.9635390e-01
   4.1007304e-01
   4.0709823e-01
   4.6285737e-01
   4.6030757e-01
   3.5137851e-01
   3.6083918e-01
   3.5484118e-01
   3.6036053e-01
   3.5156317e-01
   3.5574579e-01
   3.5965650e-01
   3.6162500e-01
   3.6192466e-01
   3.7963414e-01
   3.6583219e-01
   4.7416268e-01
   4.8042698e-01
   3.5879605e-01
   4.9814967e-01
   3.5067295e-01
   3.6077450e-01
   3.5500185e-01
   3.5621389e-01
   3.5188099e-01
   3.6072408e-01
   3.4876041e-01
   3.6146359e-01
   3.4854358e-01
   3.7498511e-01
   3.4892905e-01
   4.8774359e-01
   3.5889952e-01
   3.9384102e-01
   3.4974685e-01
   3.5876147e-01
   3.5091459e-01
   4.2631729e-01
   3.5993427e-01
   5.0175338e-01
   5.5039635e-01
   3.5528043e-01
   3.5078733e-01
   3.7826253e-01
   3.5580379e-01
   3.4762295e-01
   3.4194171e-01
   3.4916202e-01
   3.5289846e-01
   3.5494881e-01
   3.8306303e-01
   3.5730438e-01
   4.9490436e-01
   3.6821781e-01
   4.9983285e-01
   5.8176264e-01
   5.2542709e-01
   4.5164690e-01
   3.5205869e-01
   3.5237839e-01
   3.4193630e-01
   4.9705463e-01
   3.7709548e-01
   4.9765868e-01
   3.5183680e-01
   5.7517761e-01
   3.5622789e-01
   5.7477778e-01
   3.5064288e-01
   5.0975161e-01
   3.5470990e-01
   3.5339047e-01
   3.4870953e-01
   3.5851870e-01
   3.5530388e-01
   3.6553177e-01
   3.4797914e-01
   3.5723085e-01
   3.4860416e-01
   3.6151090e-01
   3.4453003e-01
   3.6168419e-01
   3.5709731e-01
   6.0217012e-01
   3.5323211e-01
   4.4491503e-01
   3.5150281e-01
   3.5149036e-01
   3.5043903e-01
   3.5618391e-01
   3.5065493e-01
   3.4978354e-01
   3.4841737e-01
   3.5531821e-01
   3.4857549e-01
   3.5679297e-01
   3.5201754e-01
   3.5282310e-01
   3.4646351e-01
   3.5711603e-01
   3.4894344e-01
   3.5309868e-01
   3.4908457e-01
   3.5764700e-01
   3.5267845e-01
   5.4871544e-01
   3.5033717e-01
   3.5968995e-01
   3.4629492e-01
   3.5253605e-01
   3.4639810e-01
   3.5502793e-01
   3.4770742e-01
   3.6901708e-01
   3.5270739e-01
   6.0410800e-01
   3.4930531e-01
   3.4697465e-01
   3.4623022e-01
   3.4205741e-01
   3.4425784e-01
   3.4587029e-01
   3.4669032e-01
   3.9896547e-01
   3.4418641e-01
   5.0264511e-01
   3.4195793e-01
   3.6451325e-01
   3.5029814e-01
   4.7618090e-01
   3.4502325e-01
   5.1501428e-01
   3.4612042e-01
   5.5721908e-01
   3.5224977e-01
   3.4901572e-01
   3.5034589e-01
   3.4536226e-01
   3.5902687e-01
   3.4417155e-01
   4.8585201e-01
   3.4754475e-01
   3.5946000e-01
   3.5216745e-01
   3.5282244e-01
   3.5824164e-01
   3.4885765e-01
   3.5941589e-01
   3.4842515e-01
   4.8014978e-01
   3.4970940e-01
   3.4888977e-01
   3.5285689e-01
   3.4614679e-01
   3.4622877e-01
   3.4695909e-01
   3.5035841e-01
   3.4431140e-01
   3.4400789e-01
   3.4740422e-01
   3.4395865e-01
   3.4181790e-01
   3.6273342e-01
   3.4263492e-01
   3.4879333e-01
   4.3699567e-01
   3.4291462e-01
   3.4492325e-01
   3.4406539e-01
   3.4410269e-01
   3.4628255e-01
   3.5553079e-01
   3.4912348e-01
   4.0343043e-01
   3.4563147e-01
   3.4884207e-01
   3.4622866e-01
   3.4613165e-01
   3.4573356e-01
   3.4602159e-01
   3.4621452e-01
   3.4313222e-01
   3.6253691e-01
   3.4435410e-01
   4.2138203e-01
   3.5046760e-01
   3.5550020e-01
   3.4622891e-01
   3.4329443e-01
   3.4728342e-01
   3.4593855e-01
   3.5722343e-01
   3.4618373e-01
   3.4678387e-01
   3.5531990e-01
   3.4382465e-01
   5.1875546e-01
   3.4842830e-01
   3.4382790e-01
   3.4527286e-01
   3.4228028e-01
   3.4589019e-01
   3.4441426e-01
   3.4646228e-01
   3.3961196e-01
   3.7077402e-01
   3.4274200e-01
   3.5721567e-01
   3.4179314e-01
   3.4403734e-01
   3.4418290e-01
   3.4082277e-01
   3.4792502e-01
   3.4815467e-01
   3.5084008e-01
   3.6518456e-01
   3.4622042e-01
   3.4684784e-01
   3.6435119e-01
   3.3963683e-01
   4.1369913e-01
   3.4626394e-01
   3.4148850e-01
   3.5509090e-01
   3.4403205e-01
   5.9109427e-01
   3.5062537e-01
   3.7605074e-01
   4.0952265e-01
   3.4343405e-01
   3.4283177e-01
   3.4294452e-01
   3.5801173e-01
   3.4924651e-01
   3.4762196e-01
   3.4850366e-01
   3.4183367e-01
   3.4390233e-01
   3.4212378e-01
   3.4271485e-01
   3.3969032e-01
   3.5062480e-01
   3.4257610e-01
   3.4403175e-01
   3.3757208e-01
   3.4398234e-01
   3.3954962e-01
   3.4623263e-01
   3.4085296e-01
   3.3987181e-01
   3.4209124e-01
   3.4065153e-01
   3.4888504e-01
   3.4791859e-01
   4.2964100e-01
   3.3985946e-01
   3.4625841e-01
   3.4395138e-01
   3.4184897e-01
   3.4004131e-01
   3.6882309e-01
   3.3963863e-01
   4.0067909e-01
   3.3815522e-01
   3.3964666e-01
   3.4195509e-01
   3.4513437e-01
   3.4281142e-01
   3.4411652e-01
   3.4272344e-01
   3.4366738e-01
   3.4603691e-01
   3.4187606e-01
   4.0329366e-01
   3.4628987e-01
   3.9064256e-01
   3.4565840e-01
   4.8268771e-01
   3.4361169e-01
   3.4410554e-01
   3.3816127e-01
   3.4334098e-01
   3.3831936e-01
   3.4550417e-01
