   6.8927615e-01
   6.6880200e-01
   6.5824014e-01
   6.5186597e-01
   6.4767621e-01
   6.4440963e-01
   6.4139750e-01
   6.3835827e-01
   6.3514682e-01
   6.3169421e-01
   6.2797120e-01
   6.2397282e-01
   6.1970466e-01
   6.1519000e-01
   6.1044997e-01
   6.0556109e-01
   6.0048948e-01
   5.9566387e-01
   5.9028494e-01
   5.9446839e-01
   6.2015487e-01
   5.9098474e-01
   6.0980421e-01
   5.9009209e-01
   5.9925611e-01
   5.8338861e-01
   5.8443589e-01
   5.7689139e-01
   5.7070252e-01
   5.6850974e-01
   5.6135885e-01
   5.5768469e-01
   5.4919730e-01
   5.5078343e-01
   5.3622192e-01
   5.3301042e-01
   5.2298636e-01
   5.2610715e-01
   5.1495992e-01
   5.2207354e-01
   5.0797774e-01
   5.1559225e-01
   5.0193969e-01
   5.1199203e-01
   4.9702209e-01
   5.0792213e-01
   4.9273080e-01
   5.0427935e-01
   4.8904938e-01
   5.0220899e-01
   4.8650868e-01
   5.1602941e-01
   5.1657444e-01
   5.4080366e-01
   5.1426188e-01
   5.3219532e-01
   4.9864702e-01
   5.0640470e-01
   4.9014992e-01
   4.9068093e-01
   4.8742382e-01
   4.8693354e-01
   4.8633787e-01
   4.8540683e-01
   4.8503085e-01
   4.8419323e-01
   4.8341032e-01
   4.8260463e-01
   4.8185989e-01
   4.8112525e-01
   4.8042588e-01
   4.8001513e-01
   4.7868953e-01
   4.8158195e-01
   4.7683129e-01
   4.9654045e-01
   4.8472725e-01
   5.5927943e-01
   5.3298270e-01
   5.5376489e-01
   4.8497481e-01
   4.8072581e-01
   4.7703997e-01
   4.7539461e-01
   4.7674345e-01
   4.7480617e-01
   4.7691548e-01
   4.7396287e-01
   4.7917610e-01
   4.7497977e-01
   4.8083608e-01
   4.7499461e-01
   4.8320323e-01
   4.7515158e-01
   4.8892501e-01
   4.7696231e-01
   4.9238367e-01
   4.7812337e-01
   5.0709014e-01
   4.7484358e-01
   5.2895993e-01
   4.7032487e-01
   4.7659384e-01
   4.7376139e-01
   4.7117172e-01
   4.7502088e-01
   4.6978976e-01
   4.7385404e-01
   4.6874591e-01
   4.7387551e-01
   4.6656045e-01
   4.7544385e-01
   4.7177040e-01
   4.8891921e-01
   4.7879394e-01
   5.9803483e-01
   4.7273065e-01
   4.7309543e-01
   4.7193188e-01
   4.7753543e-01
   4.6757007e-01
   4.7013532e-01
   4.6735039e-01
   4.6887390e-01
   4.6643686e-01
   4.6977195e-01
   4.6447362e-01
   4.6933482e-01
   4.6416894e-01
   4.6686202e-01
   4.6577187e-01
   4.6684979e-01
   4.6115396e-01
   4.8352498e-01
   4.6530363e-01
   5.7150103e-01
   4.5686696e-01
   4.5890503e-01
   4.6524338e-01
   4.5339620e-01
   4.5159266e-01
   4.5508124e-01
   4.4848295e-01
   4.5777843e-01
   4.4154127e-01
   4.5755845e-01
   4.4557189e-01
   4.6106281e-01
   4.3815414e-01
   4.5299972e-01
   4.3688889e-01
   4.5830761e-01
   4.4160456e-01
   4.6148491e-01
   4.3856355e-01
   4.5763066e-01
   4.3439414e-01
   4.5530120e-01
   4.3139837e-01
   4.5134389e-01
   4.2951398e-01
   4.4307520e-01
   4.1998869e-01
   4.3918849e-01
   4.1605718e-01
   5.0915426e-01
   4.0423874e-01
   4.7208394e-01
   4.0783494e-01
   4.4677028e-01
   4.0451247e-01
   4.4170330e-01
   4.1020754e-01
   5.9605297e-01
   3.9573075e-01
   4.0923663e-01
   4.0442653e-01
   4.0660676e-01
   4.0309841e-01
   4.0282698e-01
   4.0367081e-01
   4.0143783e-01
   3.9944903e-01
   4.0248890e-01
   3.9518037e-01
   4.0174389e-01
   3.9286534e-01
   4.1762983e-01
   3.9149184e-01
   4.4836270e-01
   3.7983366e-01
   4.4588302e-01
   3.8598177e-01
   4.2482565e-01
   3.8325106e-01
   4.0989493e-01
   3.8238724e-01
   3.9610252e-01
   3.9132071e-01
   3.8949623e-01
   3.8795499e-01
   3.8693000e-01
   3.8652959e-01
   3.8549144e-01
   3.8694876e-01
   3.8396565e-01
   3.9110452e-01
   3.7663990e-01
   4.0594436e-01
   3.7858726e-01
   4.2940435e-01
   3.8153647e-01
   5.6207994e-01
   3.7096861e-01
   4.1561285e-01
   3.7850874e-01
   3.9847020e-01
   3.8825253e-01
   3.9572245e-01
   3.8424144e-01
   3.8210219e-01
   3.8284551e-01
   3.7743950e-01
   3.8341220e-01
   3.7697684e-01
   3.8389499e-01
   4.7989651e-01
   3.7524893e-01
   3.9764506e-01
   3.8028398e-01
   6.1436632e-01
   3.8153643e-01
   3.9353286e-01
   3.7655094e-01
   3.9130839e-01
   3.7500094e-01
   3.8486857e-01
   3.7540877e-01
   3.8055178e-01
   3.7724006e-01
   3.8120344e-01
   3.7718400e-01
   3.9146070e-01
   3.8414736e-01
   4.7166581e-01
   3.7251363e-01
   4.5446583e-01
   3.7858167e-01
   3.9939206e-01
   3.7270241e-01
   3.8255267e-01
   3.7527679e-01
   3.7927746e-01
   3.7598951e-01
   3.8475246e-01
   3.8020766e-01
   3.7824051e-01
   3.7445721e-01
   3.8356565e-01
   3.7514016e-01
   3.7555065e-01
   3.7872888e-01
   3.7285647e-01
   3.7304872e-01
   3.7794157e-01
   3.7074337e-01
   3.8214624e-01
   3.6714663e-01
   4.3931819e-01
   3.6548055e-01
   5.1837020e-01
   3.6616499e-01
   4.0149005e-01
   3.7098629e-01
   6.0843491e-01
   3.6352409e-01
   3.7179793e-01
   3.7023240e-01
   3.6481314e-01
   3.7168390e-01
   3.6718498e-01
   3.6729581e-01
   3.7395089e-01
   3.7910053e-01
   3.7341469e-01
   5.1502723e-01
   3.6983354e-01
   3.7291290e-01
   3.6926886e-01
   3.8473647e-01
   3.6815052e-01
   3.9920026e-01
   3.6622818e-01
   4.1199132e-01
   3.6586371e-01
   3.9926946e-01
   3.6398282e-01
   3.7239040e-01
   3.6978380e-01
   3.6552708e-01
   3.7180631e-01
   3.6231125e-01
   3.7380273e-01
   3.6400064e-01
   3.8626867e-01
   3.6910783e-01
   5.3941171e-01
   3.6446774e-01
   3.7750712e-01
   3.6579762e-01
   3.6609390e-01
   3.6431643e-01
   3.6944039e-01
   3.6375492e-01
   3.7986935e-01
   3.6273831e-01
   3.8989149e-01
   3.7297131e-01
   3.9481189e-01
   3.6100967e-01
   3.8013344e-01
   3.6281674e-01
   3.8975217e-01
   3.7424795e-01
   3.6516598e-01
   3.6729135e-01
   3.6403385e-01
   3.7601285e-01
   3.6275632e-01
   3.6702722e-01
   3.7160827e-01
   3.6888851e-01
   3.6924413e-01
   3.6241736e-01
   3.7069373e-01
   3.6087889e-01
   3.9356909e-01
   3.6830426e-01
   5.6524679e-01
   3.5721615e-01
   3.6203416e-01
   3.7132557e-01
   4.4967950e-01
   3.7192561e-01
   3.8539127e-01
   3.8220284e-01
   4.7414189e-01
   3.8117558e-01
   3.8488563e-01
   3.8933011e-01
   3.8368528e-01
   3.8732330e-01
   3.8589279e-01
   3.8384652e-01
   3.8393924e-01
   6.5309199e-01
   3.7002939e-01
   3.6585019e-01
   3.7058082e-01
   3.7472764e-01
   3.7314528e-01
   3.6337410e-01
   3.6864653e-01
   3.6969392e-01
   3.7154007e-01
   3.6282570e-01
   3.6727450e-01
   3.6692193e-01
   3.6906671e-01
   3.7353430e-01
   3.6989673e-01
   3.6946442e-01
   3.6984071e-01
   3.8019172e-01
   3.6799757e-01
   5.0676110e-01
   3.6458683e-01
   3.5610558e-01
   3.6918649e-01
   3.6934249e-01
   3.7186784e-01
   3.7079304e-01
   3.6867651e-01
   3.6383629e-01
   3.7737015e-01
   3.6391462e-01
   3.6541628e-01
   3.6305850e-01
   3.6726425e-01
   3.6093731e-01
   3.7338500e-01
   3.5805442e-01
   3.6427427e-01
   3.6331913e-01
   3.7088800e-01
   3.6222392e-01
   3.6167167e-01
   3.6078973e-01
   3.7105884e-01
   3.7185463e-01
   3.7565982e-01
   3.6187170e-01
   4.6570386e-01
   3.9621223e-01
   3.9136745e-01
   5.3607452e-01
   6.2246838e-01
   5.1570449e-01
   4.7700534e-01
   4.2776640e-01
   4.1608266e-01
   4.1682769e-01
   4.1949565e-01
   4.1891345e-01
   4.2204093e-01
   4.2177256e-01
   4.2386406e-01
   4.2117272e-01
   4.2432029e-01
   4.7830231e-01
   4.1171104e-01
   4.0575808e-01
   4.0500574e-01
   3.9887845e-01
   3.9917960e-01
   3.9368140e-01
   3.9739926e-01
   3.9105385e-01
   3.8990028e-01
   3.8449012e-01
   3.8952900e-01
   3.8019108e-01
   3.8418364e-01
   3.7776217e-01
   3.8239594e-01
   3.7493711e-01
   3.7518331e-01
   3.7387576e-01
   3.7424323e-01
   3.8930512e-01
   3.7074207e-01
   3.6894823e-01
   3.8017741e-01
   3.7085603e-01
   3.6788436e-01
   3.6703102e-01
   3.6844382e-01
   3.6768077e-01
   3.7105783e-01
   3.6408924e-01
   3.7349180e-01
   3.7131523e-01
   3.7529332e-01
   3.6594475e-01
   3.7370917e-01
   3.6638122e-01
   3.6529011e-01
   3.6504583e-01
   3.7279896e-01
   3.6679950e-01
   3.6357646e-01
   3.7114770e-01
   3.6084752e-01
   3.6605773e-01
   3.6448210e-01
   3.6182305e-01
   3.6101726e-01
   3.6956875e-01
   3.6102290e-01
   3.6307866e-01
   3.6814022e-01
   3.6644689e-01
   3.6142169e-01
   3.6317041e-01
   3.6358963e-01
   3.6022160e-01
   3.7407192e-01
   3.6201768e-01
   4.4454681e-01
   3.6023800e-01
   3.6586543e-01
   3.6352498e-01
   3.7347234e-01
   3.7635083e-01
   3.8532454e-01
   3.7584238e-01
   3.9507355e-01
   3.8191299e-01
   4.6316836e-01
   3.8480270e-01
   3.9095337e-01
   4.0051111e-01
   3.9720214e-01
   4.0479549e-01
   3.9728641e-01
   4.0675856e-01
   4.0216035e-01
   4.0723516e-01
   4.0085782e-01
   4.0935158e-01
