   7.0717225e-01
   6.7290489e-01
   6.5464125e-01
   6.4186032e-01
   6.3094226e-01
   6.2112184e-01
   6.1172142e-01
   6.0202529e-01
   5.9203607e-01
   5.8155741e-01
   5.7093718e-01
   5.5956670e-01
   5.5007875e-01
   5.3836162e-01
   5.4736811e-01
   5.3004328e-01
   5.3611344e-01
   5.2815328e-01
   5.3782076e-01
   5.1406033e-01
   5.2311848e-01
   4.8859342e-01
   5.1574789e-01
   4.7208477e-01
   4.9652480e-01
   4.5479402e-01
   4.8789963e-01
   4.4254099e-01
   4.7749258e-01
   4.3406147e-01
   4.6380452e-01
   4.2517680e-01
   4.7384699e-01
   4.2139155e-01
   4.4796416e-01
   4.3065386e-01
   4.3432690e-01
   4.3250866e-01
   4.1598284e-01
   4.3524163e-01
   4.0560865e-01
   4.2739044e-01
   3.9818729e-01
   4.3302755e-01
   3.9492763e-01
   4.5669664e-01
   4.4894884e-01
   4.8915184e-01
   4.3880082e-01
   4.6994590e-01
   4.1003626e-01
   4.4286432e-01
   4.0295227e-01
   4.2629691e-01
   3.9921942e-01
   3.9958854e-01
   3.9531710e-01
   3.9434780e-01
   3.9228392e-01
   3.9261320e-01
   3.8898015e-01
   3.9240140e-01
   3.8570135e-01
   4.0106487e-01
   3.8326576e-01
   4.4423318e-01
   3.8776960e-01
   4.4216248e-01
   3.9314839e-01
   4.8907464e-01
   4.3194454e-01
   4.5258050e-01
   3.9352365e-01
   4.1073396e-01
   3.9159079e-01
   3.9157501e-01
   3.8405953e-01
   3.8556145e-01
   3.8196882e-01
   3.8283524e-01
   3.7991243e-01
   3.8206770e-01
   3.7662116e-01
   3.8563968e-01
   3.7963384e-01
   4.2029553e-01
   3.7766164e-01
   5.1507836e-01
   3.8875374e-01
   4.3634755e-01
   4.2183680e-01
   4.5902237e-01
   3.9219485e-01
   4.1166297e-01
   3.8291480e-01
   3.8099799e-01
   3.7948789e-01
   3.7947016e-01
   3.7964984e-01
   3.7685365e-01
   3.7876820e-01
   3.7591478e-01
   3.7612828e-01
   3.7628795e-01
   3.7507165e-01
   3.7439809e-01
   3.7537269e-01
   3.7541438e-01
   3.7311113e-01
   3.7981280e-01
   3.7125665e-01
   3.8444655e-01
   3.6832983e-01
   3.9200570e-01
   3.7035780e-01
   4.4081900e-01
   3.6798536e-01
   4.6065188e-01
   4.3363512e-01
   4.4644129e-01
   4.0725992e-01
   4.9999616e-01
   3.7589008e-01
   4.2680176e-01
   3.6579593e-01
   3.7111938e-01
   3.6320845e-01
   3.6744833e-01
   3.6475139e-01
   3.7864377e-01
   3.6370314e-01
   6.1816505e-01
   3.6598829e-01
   4.2965824e-01
   3.6410895e-01
   3.6381885e-01
   3.6030092e-01
   3.5993820e-01
   3.5732273e-01
   3.5870492e-01
   3.5757436e-01
   3.6899349e-01
   3.6388087e-01
   3.8234193e-01
   3.7432437e-01
   5.6708577e-01
   3.7430204e-01
   5.2349866e-01
   3.6818010e-01
   4.9304753e-01
   3.6334333e-01
   3.8748565e-01
   3.6863021e-01
   3.5998165e-01
   3.6138506e-01
   3.5671015e-01
   3.5783936e-01
   3.5482850e-01
   3.5854206e-01
   3.5589041e-01
   3.6308911e-01
   3.5941107e-01
   3.7463432e-01
   3.6285767e-01
   5.1336605e-01
   3.5968417e-01
   4.3250065e-01
   3.5761156e-01
   3.5763277e-01
   3.5630609e-01
   3.5552788e-01
   3.5587789e-01
   3.5968656e-01
   3.5471155e-01
   3.5315047e-01
   3.5687653e-01
   3.7028377e-01
   3.5520871e-01
   3.6997689e-01
   3.5400710e-01
   5.3598791e-01
   3.5403255e-01
   3.5961094e-01
   3.5468103e-01
   3.8063087e-01
   3.5398081e-01
   4.4573152e-01
   3.5596633e-01
   4.7211219e-01
   3.5443225e-01
   3.5794702e-01
   3.5852733e-01
   3.6103682e-01
   3.5453464e-01
   3.5760168e-01
   3.5110273e-01
   3.5552778e-01
   3.4651702e-01
   3.6627628e-01
   3.6122420e-01
   5.9588897e-01
   3.8617757e-01
   3.6482257e-01
   3.4929980e-01
   3.6455325e-01
   3.5098094e-01
   3.8952182e-01
   3.5044991e-01
   3.5144032e-01
   3.4895096e-01
   3.6807395e-01
   3.5397615e-01
   4.8999857e-01
   3.5399789e-01
   4.8606787e-01
   3.5585325e-01
   3.6423847e-01
   3.5319982e-01
   4.6163808e-01
   3.5599702e-01
   3.5467686e-01
   4.2891736e-01
   3.4949539e-01
   3.5519367e-01
   3.5122722e-01
   4.1037121e-01
   3.4539476e-01
   3.6047388e-01
   3.4810142e-01
   3.5382873e-01
   3.4742015e-01
   3.6362654e-01
   3.4803732e-01
   5.2675512e-01
   3.6073616e-01
   5.6837747e-01
   3.6219715e-01
   5.2944238e-01
   3.5413789e-01
   3.5131253e-01
   3.5401275e-01
   3.4650299e-01
   3.5408988e-01
   3.4588760e-01
   3.5333314e-01
   3.5079697e-01
   3.4641053e-01
   3.4477098e-01
   3.5603406e-01
   3.4810950e-01
   3.4431905e-01
   3.4773890e-01
   3.5799926e-01
   3.5418338e-01
   3.5176803e-01
   3.4556641e-01
   3.5434620e-01
   3.6203618e-01
   3.6681784e-01
   3.4716409e-01
   3.5721981e-01
   3.4719088e-01
   3.6226308e-01
   3.4668228e-01
   6.0757187e-01
   3.4634458e-01
   3.5771442e-01
   3.5027038e-01
   4.8471839e-01
   3.5174433e-01
   5.7848304e-01
   3.6018938e-01
   3.5469700e-01
   4.8444261e-01
   3.5205291e-01
   3.8232929e-01
   3.4795291e-01
   3.5200200e-01
   3.4702500e-01
   3.7302035e-01
   3.5408125e-01
   5.8872588e-01
   3.4871916e-01
   3.5293161e-01
   3.5739582e-01
   3.5010236e-01
   3.5404697e-01
   3.4734148e-01
   3.4461620e-01
   3.4906102e-01
   3.5731596e-01
   3.5155873e-01
   3.9167931e-01
   3.5300942e-01
   3.4398861e-01
   3.5342453e-01
   3.4400489e-01
   3.5510509e-01
   3.4546261e-01
   3.5164959e-01
   3.5053023e-01
   3.5323267e-01
   3.4538095e-01
   3.5148079e-01
   3.4201478e-01
   3.4800354e-01
   3.6082866e-01
   3.5022006e-01
   3.7625877e-01
   3.5007254e-01
   5.1123516e-01
   3.5340814e-01
   3.6815964e-01
   3.6471549e-01
   5.2516200e-01
   3.4982737e-01
   3.4599453e-01
   3.4566796e-01
   3.4623017e-01
   3.5002522e-01
   3.4829653e-01
   3.4983470e-01
   3.4963407e-01
   3.6364292e-01
   3.5065185e-01
   4.3151717e-01
   3.4838424e-01
   4.8148369e-01
   3.5034473e-01
   3.6458860e-01
   3.4617036e-01
   4.2343241e-01
   3.4738531e-01
   3.8576256e-01
   3.4760120e-01
   3.5224648e-01
   3.4837034e-01
   3.5719048e-01
   3.4667971e-01
   3.5608134e-01
   3.4851432e-01
   3.4808440e-01
   3.4424853e-01
   3.5047751e-01
   3.5252279e-01
   3.5791713e-01
   3.3984919e-01
   4.3704262e-01
   3.4622971e-01
   3.5030969e-01
   3.4377414e-01
   3.5661889e-01
   3.4568637e-01
   3.6216274e-01
   3.4277876e-01
   3.6441622e-01
   3.4630066e-01
   4.3697466e-01
   3.4184044e-01
   3.7052748e-01
   3.4406343e-01
   3.4468808e-01
   3.4320261e-01
   3.4623343e-01
   3.4410984e-01
   3.4521228e-01
   3.4736982e-01
   3.4164660e-01
   3.5842198e-01
   3.4403482e-01
   4.0332660e-01
   3.4789705e-01
   3.6323793e-01
   3.4622112e-01
   3.4740103e-01
   3.4625523e-01
   3.4400680e-01
   3.4826506e-01
   3.4320010e-01
   3.4622298e-01
   3.4751652e-01
   3.4775225e-01
   3.4623961e-01
   3.4450631e-01
   3.4315376e-01
   3.4901851e-01
   3.4414044e-01
   3.4560016e-01
   3.4599410e-01
   3.4414744e-01
   3.4359592e-01
   3.4473376e-01
   3.4288802e-01
   3.4338462e-01
   3.4948916e-01
   3.4311653e-01
   3.4614183e-01
   3.4183635e-01
   3.4639928e-01
   3.4622604e-01
   3.4081900e-01
   3.3955471e-01
   3.5081895e-01
   3.5093315e-01
   3.5269753e-01
   3.7478420e-01
   4.7039446e-01
   3.4637749e-01
   4.0687033e-01
   3.4619297e-01
   5.2710657e-01
   3.4603904e-01
   3.4207776e-01
   3.4186647e-01
   3.3697223e-01
   3.4655528e-01
   3.4166729e-01
   3.4386084e-01
   3.5236277e-01
   3.5029765e-01
   3.5639699e-01
   5.8073774e-01
   3.5274095e-01
   3.4312543e-01
   3.3959538e-01
   3.4231360e-01
   3.4180630e-01
   3.4289010e-01
   3.4185694e-01
   3.4487580e-01
   3.5059608e-01
   3.4001094e-01
   3.4847993e-01
   3.4180952e-01
   3.7921815e-01
   3.4625220e-01
   3.4923942e-01
   3.4381448e-01
   3.4632982e-01
   3.4335610e-01
   3.3926913e-01
   3.3981276e-01
   3.5254173e-01
   3.4808490e-01
   3.7413937e-01
   3.4556764e-01
   3.4465163e-01
   3.4013310e-01
   3.4681366e-01
   3.4708470e-01
   3.5126330e-01
   3.4677983e-01
   3.5245724e-01
   3.4219208e-01
   3.5531517e-01
   3.4143013e-01
   4.6076895e-01
   3.4502834e-01
   3.8702466e-01
   3.4523359e-01
   3.4077669e-01
   3.5443299e-01
   3.4556948e-01
   3.5492798e-01
   3.4900550e-01
   3.4697503e-01
   3.4797302e-01
   3.4192666e-01
   3.5217971e-01
   3.4902806e-01
   3.6750450e-01
   3.5493105e-01
   3.6474952e-01
   3.6416509e-01
   3.5851489e-01
   3.5942888e-01
   3.5603889e-01
   3.6642221e-01
   3.6210044e-01
   3.7259858e-01
   3.6822576e-01
   3.7796135e-01
   3.7335216e-01
   3.7877922e-01
   3.6938757e-01
   3.8067768e-01
   3.7827539e-01
   3.8618078e-01
   3.7977264e-01
   3.9934480e-01
   3.8551372e-01
   5.5943467e-01
   3.8254448e-01
   3.8792351e-01
   3.9198593e-01
   4.0660497e-01
   4.0754297e-01
   4.1234689e-01
   4.2221338e-01
   4.2402129e-01
