   7.1487044e-01
   6.8348406e-01
   6.6771810e-01
   6.5791162e-01
   6.5006632e-01
   6.4306726e-01
   6.3636781e-01
   6.2958327e-01
   6.2290758e-01
   6.1579024e-01
   6.0853266e-01
   6.0044431e-01
   5.9270335e-01
   5.8282772e-01
   5.7829232e-01
   5.6550445e-01
   5.8483146e-01
   5.8106575e-01
   5.4530815e-01
   5.4289635e-01
   5.2857999e-01
   5.4244057e-01
   5.2365094e-01
   5.3478308e-01
   5.1421115e-01
   5.3513221e-01
   5.0985173e-01
   5.1675294e-01
   4.7805088e-01
   5.0196999e-01
   4.7039349e-01
   5.0936109e-01
   4.7364680e-01
   4.9580490e-01
   4.5635204e-01
   4.7806244e-01
   4.4900686e-01
   4.7045321e-01
   4.4277600e-01
   4.6404023e-01
   4.3712073e-01
   4.5997215e-01
   4.3276931e-01
   4.6882963e-01
   4.3856213e-01
   4.8411954e-01
   4.6647156e-01
   4.8805821e-01
   4.4529313e-01
   4.6459517e-01
   4.3555924e-01
   4.3901435e-01
   4.3057890e-01
   4.2724654e-01
   4.2792028e-01
   4.2291489e-01
   4.2651172e-01
   4.1886321e-01
   4.2269981e-01
   4.1661968e-01
   4.2492350e-01
   4.1353124e-01
   4.2079763e-01
   4.1228731e-01
   4.2302383e-01
   4.1130013e-01
   4.2657241e-01
   4.0997287e-01
   4.4801176e-01
   4.7793615e-01
   5.1966308e-01
   4.6787175e-01
   4.8117135e-01
   4.3758071e-01
   4.3305767e-01
   4.2337142e-01
   4.2056634e-01
   4.1992546e-01
   4.1789994e-01
   4.1744246e-01
   4.1522106e-01
   4.1625853e-01
   4.1269393e-01
   4.1581975e-01
   4.1121795e-01
   4.1256260e-01
   4.0869322e-01
   4.1222148e-01
   4.0577763e-01
   4.1152156e-01
   4.0393665e-01
   4.1401265e-01
   4.0286371e-01
   4.2364157e-01
   4.1749485e-01
   4.9135611e-01
   4.6852125e-01
   5.1524676e-01
   4.4555862e-01
   4.4667583e-01
   4.1632317e-01
   4.1725143e-01
   4.1054133e-01
   4.1285951e-01
   4.0900140e-01
   4.1164745e-01
   4.0762804e-01
   4.1109509e-01
   4.0404205e-01
   4.1132496e-01
   4.0645843e-01
   4.0599590e-01
   4.0662747e-01
   4.0290947e-01
   4.0197772e-01
   4.0198448e-01
   4.0382375e-01
   4.0134295e-01
   3.9810913e-01
   3.9975789e-01
   3.9627359e-01
   4.0045813e-01
   3.9927077e-01
   3.9404682e-01
   3.9821476e-01
   3.9001386e-01
   3.9690350e-01
   3.8884663e-01
   4.0736392e-01
   3.8899022e-01
   5.9960263e-01
   3.8801188e-01
   4.2533873e-01
   3.9544378e-01
   5.5700627e-01
   4.0312847e-01
   5.4225560e-01
   3.8896135e-01
   4.3790570e-01
   3.8746093e-01
   4.1047922e-01
   3.8932404e-01
   3.8798302e-01
   3.8591735e-01
   3.9035652e-01
   3.8565598e-01
   3.9107960e-01
   3.8582605e-01
   3.8648211e-01
   3.8858873e-01
   3.8669544e-01
   3.8397228e-01
   3.9127354e-01
   3.8240882e-01
   3.8941501e-01
   3.8179458e-01
   3.8984530e-01
   3.8543996e-01
   3.8590233e-01
   3.9515025e-01
   3.8512230e-01
   5.2750795e-01
   3.9023578e-01
   3.8939290e-01
   3.9234285e-01
   4.0774019e-01
   4.0085769e-01
   4.0511708e-01
   4.1666394e-01
   4.0368391e-01
   4.0066328e-01
   4.1337280e-01
   4.1223730e-01
   4.0833719e-01
   4.6988625e-01
   3.8644727e-01
   5.0165676e-01
   3.8310361e-01
   3.8473277e-01
   3.9187445e-01
   3.8792346e-01
   3.8079752e-01
   3.8450495e-01
   4.0597171e-01
   3.8648743e-01
   5.3015845e-01
   3.7407335e-01
   3.9720916e-01
   3.8260799e-01
   5.6009892e-01
   3.8576047e-01
   4.6506215e-01
   3.8421273e-01
   3.8614299e-01
   3.8060491e-01
   3.8238367e-01
   3.7865408e-01
   3.8799723e-01
   3.8597154e-01
   3.8075336e-01
   3.8084416e-01
   3.9729408e-01
   3.8153406e-01
   3.8809029e-01
   3.8331938e-01
   3.9553044e-01
   3.7963895e-01
   3.8566978e-01
   3.8031261e-01
   4.0124632e-01
   3.8801371e-01
   5.0670457e-01
   3.7657959e-01
   3.9055211e-01
   3.7526188e-01
   3.7864596e-01
   3.7470417e-01
   3.9595680e-01
   3.8115267e-01
   4.3287181e-01
   3.7624128e-01
   4.7141167e-01
   3.7738878e-01
   3.7954794e-01
   3.7699355e-01
   3.8079955e-01
   3.8028104e-01
   3.8162169e-01
   3.7154814e-01
   3.8646985e-01
   3.7921696e-01
   3.8497323e-01
   3.7592023e-01
   3.8288291e-01
   3.7423498e-01
   3.8529030e-01
   3.7381849e-01
   3.8954883e-01
   3.7668559e-01
   3.8631774e-01
   3.7775495e-01
   3.8562815e-01
   3.7342098e-01
   3.9211438e-01
   3.7798779e-01
   3.9220636e-01
   3.7982593e-01
   4.7073281e-01
   3.9585725e-01
   4.1630384e-01
   3.8537901e-01
   3.7280276e-01
   3.8740955e-01
   3.7450963e-01
   3.9339896e-01
   3.8107112e-01
   4.0925975e-01
   3.7560753e-01
   5.2983155e-01
   3.7883956e-01
   3.8046885e-01
   3.9831213e-01
   3.8501052e-01
   3.8613720e-01
   3.8769193e-01
   3.8689948e-01
   3.9291075e-01
   3.8894958e-01
   3.8501308e-01
   3.9435440e-01
   3.8641276e-01
   3.8199443e-01
   3.7935325e-01
   3.8089447e-01
   3.7956270e-01
   3.8069598e-01
   3.8217362e-01
   3.7964476e-01
   3.9444435e-01
   3.7828469e-01
   3.7943749e-01
   3.7976069e-01
   3.7690816e-01
   3.8181758e-01
   3.8683020e-01
   3.9136365e-01
   3.7558515e-01
   3.8642402e-01
   3.7781865e-01
   3.9300327e-01
   3.7514422e-01
   3.9342116e-01
   3.7777972e-01
   4.0848535e-01
   4.0484964e-01
   4.9660006e-01
   3.7465628e-01
   4.1073046e-01
   3.7553579e-01
   3.7842515e-01
   3.8041056e-01
   3.7837815e-01
   3.8104545e-01
   3.7826618e-01
   3.7664543e-01
   3.7868695e-01
   3.7772893e-01
   3.7600028e-01
   3.7877166e-01
   3.7764577e-01
   3.9194880e-01
   3.8369684e-01
   4.9662482e-01
   3.8271125e-01
   3.8127823e-01
   4.5175552e-01
   4.1722759e-01
   3.6927458e-01
   3.9660615e-01
   3.7022348e-01
   3.7432247e-01
   3.7352073e-01
   3.7657645e-01
   3.7812779e-01
   3.7890155e-01
   3.7480541e-01
   3.8138170e-01
   3.8175243e-01
   3.8078237e-01
   3.8279046e-01
   3.8071252e-01
   3.7550136e-01
   3.7448728e-01
   3.7785567e-01
   3.7250372e-01
   3.7200634e-01
   3.7155436e-01
   3.7114556e-01
   3.7583163e-01
   3.8383079e-01
   3.7283795e-01
   3.8851927e-01
   3.8072999e-01
   4.0427784e-01
   3.7891600e-01
   3.7164018e-01
   3.7972296e-01
   3.7098789e-01
   3.7312111e-01
   3.7317796e-01
   3.7352124e-01
   3.7539629e-01
   3.7378918e-01
   3.7233961e-01
   3.7135569e-01
   3.7233664e-01
   3.7418098e-01
   3.7365221e-01
   3.7377944e-01
   3.7669716e-01
   3.8901743e-01
   3.7537064e-01
   4.7428209e-01
   3.7474519e-01
   3.7765015e-01
   3.8576171e-01
   3.8665898e-01
   3.9704140e-01
   3.9813699e-01
   4.1462298e-01
   4.0905643e-01
   4.2060526e-01
   4.2092273e-01
   4.2760276e-01
   4.2742147e-01
   4.5331696e-01
   4.3068049e-01
   4.4285835e-01
   4.4061609e-01
   4.4282961e-01
   4.4077615e-01
   4.4700449e-01
   4.4642572e-01
   4.5668178e-01
   4.5167342e-01
   4.6410711e-01
   4.5092885e-01
   4.6336707e-01
   4.5509753e-01
   4.6208486e-01
   4.5441320e-01
   4.7191067e-01
   4.5634334e-01
   5.3404597e-01
   4.5266528e-01
   4.6504737e-01
   4.5439644e-01
   4.6502501e-01
   4.5611314e-01
   4.6680953e-01
   4.5670131e-01
   4.6047528e-01
   4.5876284e-01
   4.6228392e-01
   4.5981665e-01
   4.7933665e-01
   5.1654413e-01
   5.6312790e-01
   6.9304158e-01
   6.6702996e-01
   6.5645318e-01
   6.5184967e-01
   6.4966951e-01
   6.4856258e-01
   6.4796983e-01
   6.4763937e-01
   6.4744937e-01
   6.4733749e-01
   6.4727035e-01
   6.4722942e-01
   6.4720413e-01
   6.4718832e-01
   6.4717830e-01
   6.4717187e-01
   6.4716767e-01
   6.4716487e-01
   6.4716297e-01
   6.4716162e-01
   6.4716064e-01
   6.4715988e-01
   6.4715928e-01
   6.4715878e-01
   6.4715834e-01
   6.4715795e-01
   6.4715759e-01
   6.4715724e-01
   6.4715692e-01
   6.4715660e-01
   6.4715630e-01
   6.4715600e-01
   6.4715570e-01
   6.4715542e-01
   6.4715513e-01
   6.4715485e-01
   6.4715458e-01
   6.4715430e-01
   6.4715403e-01
   6.4715377e-01
   6.4715350e-01
   6.4715324e-01
   6.4715299e-01
   6.4715273e-01
   6.4715248e-01
   6.4715223e-01
   6.4715198e-01
   6.4715174e-01
   6.4715149e-01
   6.4715125e-01
   6.4715102e-01
   6.4715078e-01
   6.4715055e-01
   6.4715032e-01
   6.4715009e-01
   6.4714986e-01
   6.4714964e-01
   6.4714942e-01
   6.4714920e-01
   6.4714898e-01
   6.4714877e-01
   6.4714855e-01
   6.4714834e-01
   6.4714813e-01
   6.4714792e-01
   6.4714772e-01
   6.4714751e-01
   6.4714731e-01
   6.4714711e-01
   6.4714691e-01
   6.4714672e-01
   6.4714652e-01
   6.4714633e-01
   6.4714614e-01
   6.4714595e-01
   6.4714576e-01
   6.4714557e-01
   6.4714539e-01
   6.4714520e-01
   6.4714502e-01
   6.4714484e-01
   6.4714466e-01
   6.4714449e-01
   6.4714431e-01
   6.4714414e-01
   6.4714396e-01
   6.4714379e-01
   6.4714362e-01
   6.4714345e-01
   6.4714329e-01
   6.4714312e-01
   6.4714296e-01
