   6.9507054e-01
   6.6893464e-01
   6.5542280e-01
   6.4720211e-01
   6.4137294e-01
   6.3657126e-01
   6.3206620e-01
   6.2746425e-01
   6.2252898e-01
   6.1707938e-01
   6.1096994e-01
   6.0411695e-01
   5.9655147e-01
   5.8824308e-01
   5.7940396e-01
   5.6956423e-01
   5.6095531e-01
   5.4886745e-01
   5.6153299e-01
   5.7052389e-01
   5.7445090e-01
   5.4483019e-01
   5.2907159e-01
   5.5817103e-01
   5.2802213e-01
   5.1197866e-01
   4.9961306e-01
   5.0875743e-01
   4.8994284e-01
   4.9477023e-01
   4.8064020e-01
   4.9160874e-01
   4.7092804e-01
   4.8319763e-01
   4.6029893e-01
   4.8594925e-01
   4.5250434e-01
   5.1714520e-01
   4.4102694e-01
   4.7873602e-01
   4.3644374e-01
   5.0573394e-01
   4.4720919e-01
   4.8858249e-01
   4.3823826e-01
   4.7462295e-01
   4.3289195e-01
   4.7136869e-01
   4.2720062e-01
   4.5159364e-01
   4.2648068e-01
   4.4446318e-01
   4.2276684e-01
   4.4900458e-01
   4.1777058e-01
   4.4607684e-01
   4.1300010e-01
   4.4782259e-01
   4.1045030e-01
   4.6232998e-01
   4.3444725e-01
   5.1669235e-01
   4.4519113e-01
   4.8012638e-01
   4.2853534e-01
   4.5311842e-01
   4.1987970e-01
   4.2811797e-01
   4.2042907e-01
   4.2087776e-01
   4.1489889e-01
   4.2011137e-01
   4.1156570e-01
   4.2138497e-01
   4.0715504e-01
   4.2914729e-01
   4.0530792e-01
   4.6916478e-01
   4.0464680e-01
   4.8292865e-01
   4.0881670e-01
   4.7901930e-01
   4.1866580e-01
   4.7071535e-01
   4.1269210e-01
   4.4501263e-01
   4.1198211e-01
   4.1191982e-01
   4.0945247e-01
   4.0883691e-01
   4.0801306e-01
   4.0704003e-01
   4.0608824e-01
   4.0557921e-01
   4.0396034e-01
   4.0421584e-01
   4.0208704e-01
   4.0795578e-01
   4.0131196e-01
   4.0828434e-01
   4.0045533e-01
   5.0343549e-01
   3.9170213e-01
   4.5891853e-01
   3.8803247e-01
   4.7792284e-01
   3.8516372e-01
   4.3487185e-01
   3.9076573e-01
   5.2042174e-01
   3.8890377e-01
   4.7613967e-01
   3.8877235e-01
   4.7049160e-01
   3.8593755e-01
   3.9325153e-01
   3.8682492e-01
   3.9258848e-01
   3.8879864e-01
   3.9074662e-01
   3.8792337e-01
   3.9517319e-01
   3.8598554e-01
   3.9749621e-01
   3.8537216e-01
   4.0661119e-01
   3.8452562e-01
   4.8589296e-01
   3.8334764e-01
   4.7863591e-01
   3.8934422e-01
   4.6111299e-01
   3.8529460e-01
   5.5673133e-01
   3.8417374e-01
   4.7378891e-01
   3.8164441e-01
   4.8892587e-01
   3.7601632e-01
   3.8463828e-01
   3.8017183e-01
   3.8233436e-01
   3.8168889e-01
   3.8549367e-01
   3.7837100e-01
   3.8741790e-01
   3.8263901e-01
   3.9388066e-01
   3.8523981e-01
   4.5841310e-01
   3.8455127e-01
   3.8294850e-01
   3.9221815e-01
   3.8191104e-01
   3.8655295e-01
   3.8102517e-01
   3.8603731e-01
   3.8073140e-01
   3.9835554e-01
   3.7901491e-01
   4.3239286e-01
   3.7582289e-01
   3.9006358e-01
   3.7528258e-01
   3.9554969e-01
   3.7909186e-01
   4.6694963e-01
   3.7912204e-01
   5.1350507e-01
   3.7340364e-01
   4.6694801e-01
   3.8033600e-01
   5.2629716e-01
   3.7923205e-01
   4.9264978e-01
   3.6886502e-01
   3.8419953e-01
   3.7680133e-01
   3.7760466e-01
   3.8335857e-01
   3.7362367e-01
   3.8420508e-01
   3.7737913e-01
   3.8980582e-01
   3.7932776e-01
   4.0562283e-01
   3.7606760e-01
   3.9571645e-01
   5.1666791e-01
   3.7926263e-01
   3.7256055e-01
   3.8722461e-01
   3.7548634e-01
   4.5470912e-01
   3.8724331e-01
   3.7707419e-01
   3.8181434e-01
   3.8316900e-01
   3.7973872e-01
   3.8049743e-01
   3.7544398e-01
   3.9365692e-01
   3.8259396e-01
   4.6198011e-01
   3.7529807e-01
   4.9966340e-01
   3.8203454e-01
   3.8299178e-01
   3.7709891e-01
   3.8592323e-01
   3.7088919e-01
   4.0414287e-01
   3.7755504e-01
   3.8346327e-01
   3.7505582e-01
   3.7996517e-01
   3.8608960e-01
   3.8225883e-01
   4.1167237e-01
   3.8010308e-01
   6.0981056e-01
   3.7656251e-01
   4.5146977e-01
   3.7186201e-01
   3.8100146e-01
   3.7459364e-01
   3.6064744e-01
   3.8083320e-01
   3.7886164e-01
   4.0513448e-01
   5.7296807e-01
   3.8018642e-01
   3.6004195e-01
   5.7352325e-01
   3.5972013e-01
   5.2026010e-01
   3.6159187e-01
   5.1865750e-01
   4.0263407e-01
   4.1186149e-01
   3.6488856e-01
   3.6753186e-01
   3.7401969e-01
   3.8372922e-01
   3.6835426e-01
   4.2062331e-01
   3.8714607e-01
   4.3590420e-01
   4.6194390e-01
   3.6966453e-01
   3.7490766e-01
   3.7192871e-01
   3.6880101e-01
   3.7516084e-01
   3.7498600e-01
   3.7196729e-01
   3.7793856e-01
   3.7396592e-01
   3.8316979e-01
   3.7675222e-01
   3.7524881e-01
   3.8586522e-01
   3.7713827e-01
   3.8166472e-01
   3.8328600e-01
   3.8495448e-01
   3.8167351e-01
   3.8492323e-01
   3.8290469e-01
   3.8372459e-01
   3.7385551e-01
   3.8700229e-01
   3.8578999e-01
   3.7842284e-01
   3.9381974e-01
   3.8177029e-01
   5.0492923e-01
   3.7763535e-01
   5.1851310e-01
   3.7479402e-01
   4.5092844e-01
   3.6721707e-01
   3.6112832e-01
   3.7198596e-01
   4.2517075e-01
   3.6582612e-01
   3.7606655e-01
   3.6788060e-01
   4.9927379e-01
   3.7980063e-01
   3.7194412e-01
   5.8193849e-01
   3.6063600e-01
   3.5932554e-01
   3.6861089e-01
   3.6822568e-01
   3.7276131e-01
   3.7468512e-01
   3.8110759e-01
   3.8227293e-01
   3.8916730e-01
   4.0380083e-01
   3.9792970e-01
   5.7240664e-01
   3.8735671e-01
   3.8592424e-01
   3.9091106e-01
   3.9192367e-01
   3.9683856e-01
   3.9695049e-01
   4.0684901e-01
   4.0054406e-01
   4.2151082e-01
   4.0461969e-01
   4.9798256e-01
   4.0198975e-01
   5.7383083e-01
   3.9599419e-01
   4.1311044e-01
   4.1218798e-01
   4.3115734e-01
   4.2592118e-01
   4.2965858e-01
   4.4448382e-01
   4.4617024e-01
   4.4148987e-01
   4.4501522e-01
   4.5210029e-01
   4.5470041e-01
   4.4959048e-01
   4.5217114e-01
   4.6426847e-01
   4.5976459e-01
   5.1478943e-01
   4.4970538e-01
   5.4722900e-01
   4.4373236e-01
   4.4528474e-01
   4.4923838e-01
   4.5005958e-01
   4.5515541e-01
   4.5014486e-01
   4.6350557e-01
   4.5405577e-01
   4.5951718e-01
   4.6184251e-01
   4.5715571e-01
   4.5785227e-01
   4.6460882e-01
   4.6027098e-01
   4.6886181e-01
   4.5827222e-01
   4.5993511e-01
   4.5925967e-01
   4.5732214e-01
   4.6817948e-01
   4.5724211e-01
   5.3515004e-01
   4.5067894e-01
   4.9771302e-01
   4.4926296e-01
   4.5312941e-01
   4.6567700e-01
   4.5409548e-01
   4.7753078e-01
   4.5661592e-01
   4.5728267e-01
   4.5835947e-01
   4.6445720e-01
   4.6559213e-01
   4.5732804e-01
   4.5659339e-01
   4.6178296e-01
   4.6397184e-01
   4.5805625e-01
   4.6000504e-01
   4.6522940e-01
   4.5573433e-01
   4.6468686e-01
   4.5963746e-01
   4.6082079e-01
   4.6444952e-01
   4.6037990e-01
   4.6020037e-01
   4.5590386e-01
   4.6671486e-01
   4.5940660e-01
   4.6759147e-01
   4.5872045e-01
   5.0411530e-01
   4.5300303e-01
   4.6147924e-01
   4.5418373e-01
   4.5999364e-01
   4.5753653e-01
   4.5834798e-01
   4.5747810e-01
   4.6627358e-01
   4.5668420e-01
   4.6746799e-01
   4.5716959e-01
   4.6593109e-01
   4.5866780e-01
   4.6675240e-01
   5.2113111e-01
   4.5489415e-01
   4.5275549e-01
   4.5290758e-01
   4.6262083e-01
   4.5593845e-01
   4.6092467e-01
   4.5764280e-01
   4.5712199e-01
   4.6217763e-01
   4.5835838e-01
   4.6407747e-01
   4.6088374e-01
   4.6425851e-01
   4.6379405e-01
   4.7157703e-01
   4.6268435e-01
   4.8769647e-01
   4.5419522e-01
   4.5853127e-01
   5.6000151e-01
   4.5212344e-01
   4.5488938e-01
   4.6241572e-01
   4.5927001e-01
   4.6650299e-01
   4.6376463e-01
   4.6511955e-01
   4.6288347e-01
   4.6322936e-01
   4.6178284e-01
   4.6283209e-01
   4.6309683e-01
   4.6172406e-01
   4.6259520e-01
   4.6070812e-01
   4.6118679e-01
   4.6128891e-01
   4.6086907e-01
   4.6367752e-01
   4.6384206e-01
   4.6594186e-01
   4.6052535e-01
   4.6908847e-01
   4.6297713e-01
   4.6281236e-01
   4.6045632e-01
   4.5701051e-01
   4.5834465e-01
   4.5847568e-01
   4.5869479e-01
   4.5906945e-01
   4.5825371e-01
   4.6418708e-01
   4.5950524e-01
   4.7122820e-01
   4.6162586e-01
   4.7629541e-01
   4.5923034e-01
   5.4415071e-01
   4.4913437e-01
   4.5383425e-01
   4.5289966e-01
   4.6245566e-01
   4.8181669e-01
   5.4203685e-01
   6.9849801e-01
   6.6550753e-01
   6.5331271e-01
   6.4916725e-01
   6.4774477e-01
   6.4722610e-01
   6.4702505e-01
   6.4694244e-01
   6.4690594e-01
   6.4688782e-01
   6.4687707e-01
   6.4686918e-01
   6.4686232e-01
   6.4685570e-01
   6.4684900e-01
   6.4684207e-01
   6.4683486e-01
   6.4682732e-01
   6.4681943e-01
   6.4681116e-01
   6.4680248e-01
   6.4679336e-01
   6.4678376e-01
   6.4677365e-01
   6.4676297e-01
   6.4675167e-01
   6.4673969e-01
   6.4672697e-01
   6.4671342e-01
   6.4669896e-01
