   6.9171884e-01
   6.7598328e-01
   6.6587700e-01
   6.5859130e-01
   6.4882422e-01
   6.3808689e-01
   6.3219393e-01
   6.2397652e-01
   6.1975067e-01
   6.1170051e-01
   6.1246976e-01
   6.0313154e-01
   6.0378845e-01
   5.9309666e-01
   5.9697975e-01
   5.8330088e-01
   5.8319547e-01
   5.6575176e-01
   5.7758450e-01
   5.5790305e-01
   5.6466048e-01
   5.4356580e-01
   5.5636037e-01
   5.3227069e-01
   5.4530943e-01
   5.2098411e-01
   5.3580037e-01
   5.1123047e-01
   5.2759334e-01
   5.0276434e-01
   5.1951658e-01
   4.9341765e-01
   5.0978110e-01
   4.8449961e-01
   5.0306602e-01
   4.7621180e-01
   4.9955958e-01
   4.6989065e-01
   5.0658573e-01
   4.7639501e-01
   5.0710993e-01
   4.7649404e-01
   5.0125484e-01
   4.6337227e-01
   4.8588705e-01
   4.5525646e-01
   4.6510011e-01
   4.4861394e-01
   4.5450303e-01
   4.4280161e-01
   4.5037086e-01
   4.3712442e-01
   4.5269539e-01
   4.3260874e-01
   4.5773658e-01
   4.2886534e-01
   4.5545757e-01
   4.2565044e-01
   4.4851397e-01
   4.2271573e-01
   4.4016346e-01
   4.2006723e-01
   4.3707861e-01
   4.1772191e-01
   4.5848311e-01
   4.6056927e-01
   5.2857456e-01
   4.5128139e-01
   4.7610029e-01
   4.3161809e-01
   4.4226816e-01
   4.2499623e-01
   4.2493310e-01
   4.2427043e-01
   4.2302333e-01
   4.2187494e-01
   4.2062465e-01
   4.1917337e-01
   4.1948469e-01
   4.1961336e-01
   4.2270176e-01
   4.1396903e-01
   4.1863972e-01
   4.1212909e-01
   4.2148069e-01
   4.1415960e-01
   4.4228724e-01
   4.3165447e-01
   4.7431486e-01
   5.8160285e-01
   4.1067755e-01
   4.5801897e-01
   4.1019878e-01
   4.1337718e-01
   4.1560967e-01
   4.0059889e-01
   4.2447605e-01
   4.0044803e-01
   4.2247393e-01
   3.9941304e-01
   4.2234867e-01
   3.9686922e-01
   4.2212720e-01
   3.9605745e-01
   4.1789654e-01
   3.9446620e-01
   4.1634934e-01
   3.9343264e-01
   4.1724727e-01
   3.9322316e-01
   4.3513523e-01
   3.8792718e-01
   4.3681717e-01
   3.8462896e-01
   4.6374727e-01
   4.0932801e-01
   4.6756521e-01
   4.0065345e-01
   4.7672421e-01
   4.0365871e-01
   4.0362335e-01
   4.0090926e-01
   4.0243811e-01
   3.9915735e-01
   4.0038581e-01
   3.9910169e-01
   3.9967762e-01
   3.9905609e-01
   3.9775018e-01
   3.9746972e-01
   3.9610758e-01
   3.9383471e-01
   3.9730458e-01
   3.9073950e-01
   4.0018578e-01
   3.9324907e-01
   4.0498732e-01
   3.8833529e-01
   4.8858758e-01
   3.8463464e-01
   5.1066464e-01
   3.8424566e-01
   4.5371410e-01
   3.9828220e-01
   5.0553980e-01
   3.9351496e-01
   4.0098253e-01
   4.4829141e-01
   3.9830606e-01
   3.9103693e-01
   3.9243548e-01
   3.8938299e-01
   3.9299463e-01
   3.8906319e-01
   3.9436302e-01
   3.9136164e-01
   3.9332806e-01
   3.9546813e-01
   3.9340960e-01
   3.8847804e-01
   3.9168867e-01
   3.8688936e-01
   3.9833838e-01
   3.9361883e-01
   4.0382522e-01
   3.8366902e-01
   4.2284235e-01
   3.9020601e-01
   4.5497169e-01
   3.7903119e-01
   3.9177877e-01
   3.7782529e-01
   3.8569188e-01
   3.8815989e-01
   3.8424100e-01
   3.7630585e-01
   4.0300817e-01
   3.8692795e-01
   5.2812591e-01
   3.9731941e-01
   5.9289321e-01
   3.8552315e-01
   4.6803952e-01
   4.0182533e-01
   3.9926881e-01
   3.9400628e-01
   4.2921435e-01
   3.9657620e-01
   3.9876337e-01
   3.9505231e-01
   3.9654515e-01
   3.9410027e-01
   3.9605535e-01
   3.9686368e-01
   3.9597074e-01
   3.9564491e-01
   4.0152288e-01
   3.9548846e-01
   4.5589611e-01
   3.8860067e-01
   3.8573477e-01
   3.8825566e-01
   3.9293916e-01
   3.8639078e-01
   3.8387921e-01
   3.8532070e-01
   3.9226948e-01
   3.8190551e-01
   3.9293116e-01
   3.8255854e-01
   4.0415254e-01
   3.8274144e-01
   5.7241182e-01
   3.9029007e-01
   5.6424794e-01
   3.7261073e-01
   3.7160256e-01
   4.1640508e-01
   3.8608543e-01
   3.7274748e-01
   3.8293219e-01
   3.7660491e-01
   3.8404296e-01
   3.7204573e-01
   3.7656798e-01
   3.7769240e-01
   3.8200331e-01
   3.7192635e-01
   3.8522936e-01
   3.7374505e-01
   4.0245552e-01
   3.7786861e-01
   5.1476120e-01
   3.7972274e-01
   3.8066584e-01
   3.8259168e-01
   3.7588354e-01
   3.8196148e-01
   3.7497860e-01
   3.8354051e-01
   3.8778319e-01
   3.8674944e-01
   3.7398005e-01
   3.8642069e-01
   3.7801985e-01
   3.8741616e-01
   3.8403929e-01
   3.8225387e-01
   3.7262981e-01
   3.9210773e-01
   3.8379669e-01
   3.8586963e-01
   3.7878929e-01
   3.8808810e-01
   3.7576953e-01
   3.8461417e-01
   3.7446317e-01
   3.9492162e-01
   3.8290541e-01
   3.8508438e-01
   3.8581939e-01
   3.8847137e-01
   3.7700376e-01
   3.7563414e-01
   3.7315325e-01
   3.8542562e-01
   3.7452566e-01
   4.0291523e-01
   3.7522297e-01
   6.1186911e-01
   3.8219396e-01
   3.8840646e-01
   6.0017202e-01
   4.2477508e-01
   3.8416879e-01
   3.8712141e-01
   3.9248504e-01
   3.9661487e-01
   3.9792219e-01
   4.0350223e-01
   4.0655627e-01
   4.1221318e-01
   4.1286063e-01
   4.2349839e-01
   4.2428919e-01
   4.2876740e-01
   4.2513036e-01
   4.2026051e-01
   4.1291585e-01
   4.1490904e-01
   4.0618753e-01
   4.1499266e-01
   4.0115400e-01
   4.0625788e-01
   3.9870084e-01
   4.0524145e-01
   3.9440175e-01
   4.0845343e-01
   3.9907921e-01
   3.9969645e-01
   3.9130178e-01
   4.0182805e-01
   3.8800772e-01
   3.9385681e-01
   3.9432275e-01
   4.0085709e-01
   3.8438021e-01
   3.9029606e-01
   3.8191383e-01
   3.8845310e-01
   3.9319170e-01
   3.8672408e-01
   4.0305973e-01
   3.8165171e-01
   5.1821739e-01
   3.7819798e-01
   4.2556629e-01
   3.7856424e-01
   3.7343925e-01
   3.8557063e-01
   3.7641814e-01
   3.7910100e-01
   3.7997498e-01
   3.7917572e-01
   3.8219847e-01
   3.7842614e-01
   3.8255096e-01
   3.7667716e-01
   3.8274482e-01
   3.7657399e-01
   3.8344667e-01
   3.7631910e-01
   3.7784508e-01
   3.7652960e-01
   3.7743148e-01
   3.9101913e-01
   3.7454325e-01
   5.4032934e-01
   3.7623201e-01
   5.6410256e-01
   3.8970258e-01
   3.9769213e-01
   4.8176159e-01
   3.8159320e-01
   3.9113663e-01
   3.9263790e-01
   4.2754668e-01
   4.0234295e-01
   5.2580250e-01
   3.8845461e-01
   5.2784118e-01
   3.8245806e-01
   3.8809422e-01
   3.8397328e-01
   3.8824689e-01
   3.9345767e-01
   3.9118601e-01
   3.8711317e-01
   3.8768903e-01
   3.8426186e-01
   3.8810663e-01
   3.9532712e-01
   3.9052350e-01
   3.8430110e-01
   3.8909545e-01
   3.8531320e-01
   3.8711309e-01
   3.8137398e-01
   3.8755599e-01
   3.8215660e-01
   3.8555338e-01
   3.8121309e-01
   3.8581057e-01
   3.7973349e-01
   3.8592117e-01
   3.8112859e-01
   3.8613899e-01
   3.9821554e-01
   3.8533625e-01
   4.0561655e-01
   3.8468491e-01
   3.8007386e-01
   3.8565106e-01
   3.8060533e-01
   3.8249473e-01
   3.7707278e-01
   3.9234338e-01
   3.8577760e-01
   4.0138500e-01
   3.7805498e-01
   3.8552246e-01
   3.8016203e-01
   3.8872305e-01
   3.8127012e-01
   3.8057505e-01
   3.8179329e-01
   3.7873478e-01
   3.8949474e-01
   3.7823085e-01
   3.9212637e-01
   3.8190305e-01
   3.9877641e-01
   3.8089188e-01
   4.3647208e-01
   3.7580948e-01
   3.9742429e-01
   3.8256678e-01
   3.7604654e-01
   3.7727455e-01
   3.7561322e-01
   3.8050285e-01
   3.7678599e-01
   3.7610458e-01
   3.7761460e-01
   3.7898426e-01
   3.7700340e-01
   3.8144644e-01
   3.7506162e-01
   3.7722413e-01
   3.7736767e-01
   3.7882954e-01
   3.7545286e-01
   3.8248998e-01
   3.7520256e-01
   3.7660278e-01
   3.9257857e-01
   3.7442010e-01
   3.7997392e-01
   3.8387579e-01
   3.7613429e-01
   3.7776356e-01
   3.7512621e-01
   3.8827963e-01
   3.7503311e-01
   5.2794899e-01
   3.7010318e-01
   5.0162796e-01
   3.6651862e-01
   3.6689507e-01
   3.7479471e-01
   3.6784744e-01
   3.7736232e-01
   3.7144773e-01
   3.7240678e-01
   3.7059535e-01
   3.6889870e-01
   3.6909768e-01
   3.7518358e-01
   3.7259523e-01
   3.7640363e-01
   3.7163620e-01
   3.8466617e-01
   3.7812675e-01
   5.4096793e-01
   3.6711534e-01
   3.7117546e-01
   5.0351390e-01
   3.6399519e-01
   3.6673022e-01
   3.7063144e-01
   3.6831288e-01
   3.7377375e-01
   3.6986996e-01
   3.7375254e-01
   3.6706691e-01
   3.7287748e-01
   3.6858459e-01
   3.7392869e-01
   3.6998972e-01
   3.7559455e-01
   3.7282370e-01
   3.7645100e-01
   3.7092885e-01
   3.7509267e-01
   3.7121979e-01
   3.7616282e-01
   3.7396797e-01
   3.7741273e-01
   3.7148715e-01
   3.7867072e-01
   3.7202002e-01
   3.7604592e-01
   3.7240354e-01
   3.8153980e-01
   3.7333327e-01
   3.8122842e-01
   3.8105290e-01
   3.7869559e-01
   3.7421405e-01
   3.7985932e-01
   3.7570713e-01
   3.7645207e-01
   3.7288611e-01
   3.7733818e-01
   3.6928156e-01
   3.7749555e-01
   3.7562724e-01
   3.7776750e-01
   3.7611649e-01
   3.7125327e-01
