   6.8243751e-01
   6.6008689e-01
   6.4328610e-01
   6.2947886e-01
   6.1725282e-01
   6.0416007e-01
   5.9142180e-01
   5.7806032e-01
   5.6915913e-01
   5.5716307e-01
   5.6384654e-01
   5.4137398e-01
   5.5593680e-01
   5.2850889e-01
   5.3527507e-01
   5.3550443e-01
   5.2098511e-01
   5.0050239e-01
   5.1853563e-01
   5.0061160e-01
   5.1290397e-01
   4.8533006e-01
   5.1229986e-01
   4.7704984e-01
   4.9915962e-01
   4.6549347e-01
   5.0486357e-01
   4.5473137e-01
   4.9813623e-01
   4.4386507e-01
   4.8997039e-01
   4.4213451e-01
   4.6955072e-01
   4.3987297e-01
   4.7430384e-01
   4.2796996e-01
   4.5954745e-01
   4.3735323e-01
   4.6944268e-01
   4.3373215e-01
   4.7587814e-01
   4.2934371e-01
   4.7571807e-01
   4.2333614e-01
   4.5807563e-01
   4.1714742e-01
   4.3922641e-01
   4.1938331e-01
   4.0799996e-01
   4.2949314e-01
   4.0048374e-01
   4.4067861e-01
   3.9684951e-01
   4.3689906e-01
   3.9420339e-01
   4.1917356e-01
   3.9259723e-01
   4.1395575e-01
   3.9171956e-01
   4.8718431e-01
   3.8824253e-01
   4.7043644e-01
   3.8480876e-01
   4.5247250e-01
   3.8164236e-01
   4.5798851e-01
   3.9348379e-01
   4.9462207e-01
   4.9331608e-01
   4.3988683e-01
   4.4107689e-01
   4.0479410e-01
   3.8766249e-01
   3.8430486e-01
   3.8189409e-01
   3.8315295e-01
   3.7978793e-01
   3.8237256e-01
   3.7763284e-01
   3.8298354e-01
   3.7735512e-01
   3.8695890e-01
   3.7539017e-01
   4.0967382e-01
   3.8319303e-01
   4.8267710e-01
   3.9352995e-01
   4.4854728e-01
   3.9902619e-01
   4.3990598e-01
   3.8328555e-01
   4.5676145e-01
   3.8128992e-01
   3.8364799e-01
   3.8060920e-01
   3.7749311e-01
   3.7618836e-01
   3.7866057e-01
   3.7295665e-01
   3.7841374e-01
   3.7069937e-01
   3.7996575e-01
   3.7328307e-01
   3.8873302e-01
   3.7272767e-01
   5.0518306e-01
   3.7275139e-01
   3.9924817e-01
   3.7149232e-01
   4.2166671e-01
   3.7190362e-01
   4.5578205e-01
   3.7190788e-01
   4.0491851e-01
   3.7288283e-01
   4.7530644e-01
   3.6953069e-01
   4.1487108e-01
   3.8014109e-01
   4.4092373e-01
   3.7051906e-01
   3.7514732e-01
   3.7120130e-01
   3.7484077e-01
   3.7279628e-01
   4.4621905e-01
   3.6487224e-01
   4.0998258e-01
   3.6655295e-01
   4.3363497e-01
   3.6853891e-01
   5.1600845e-01
   3.6382251e-01
   4.3427534e-01
   3.6399477e-01
   4.3215512e-01
   3.6466281e-01
   3.8841612e-01
   3.6797458e-01
   3.6201811e-01
   3.7555753e-01
   3.6345841e-01
   4.0597098e-01
   3.6166645e-01
   5.4561378e-01
   3.7412625e-01
   4.8221943e-01
   5.7326000e-01
   3.6625551e-01
   5.0988776e-01
   3.6424542e-01
   4.3851816e-01
   3.6948908e-01
   4.4357695e-01
   3.6748481e-01
   5.5532264e-01
   3.6478716e-01
   3.5855100e-01
   3.6409000e-01
   3.6188484e-01
   3.6381687e-01
   3.6637810e-01
   3.6360418e-01
   3.6345372e-01
   3.9631061e-01
   3.6432584e-01
   5.6066956e-01
   3.5936197e-01
   4.9521722e-01
   3.6178220e-01
   3.6271909e-01
   3.6475154e-01
   3.5699126e-01
   3.5948188e-01
   3.7329515e-01
   3.5795454e-01
   4.4900176e-01
   3.6355977e-01
   5.0232199e-01
   3.6195033e-01
   3.6277146e-01
   3.6631110e-01
   3.5664388e-01
   3.6265615e-01
   3.5652203e-01
   3.5894243e-01
   3.6045949e-01
   3.6084909e-01
   3.7140015e-01
   3.5949473e-01
   6.0036619e-01
   3.6059676e-01
   5.0152488e-01
   3.5793152e-01
   4.9284549e-01
   3.6766448e-01
   3.6079804e-01
   3.5968977e-01
   3.6042750e-01
   3.5372313e-01
   3.5738787e-01
   3.6106515e-01
   3.6627523e-01
   3.5863515e-01
   3.7610333e-01
   3.6080507e-01
   4.9509321e-01
   3.5898071e-01
   4.1990072e-01
   3.6365297e-01
   3.5354218e-01
   5.1696655e-01
   3.5951029e-01
   5.3996458e-01
   3.5556531e-01
   4.1183060e-01
   3.5800612e-01
   3.8481869e-01
   3.5748695e-01
   3.4976102e-01
   3.6353130e-01
   3.5745553e-01
   3.5594569e-01
   3.5412307e-01
   3.4717963e-01
   3.5584697e-01
   3.5387241e-01
   3.6661558e-01
   3.4909458e-01
   3.8936925e-01
   3.5575541e-01
   3.6214805e-01
   3.6620062e-01
   3.4482262e-01
   3.6737598e-01
   3.6247532e-01
   4.9484044e-01
   3.4755942e-01
   4.1889106e-01
   3.4753697e-01
   4.6843339e-01
   3.4876732e-01
   5.0294226e-01
   3.4658156e-01
   3.5968490e-01
   3.5499557e-01
   3.6751927e-01
   3.4992381e-01
   5.7447999e-01
   3.5331551e-01
   5.0608212e-01
   3.5776344e-01
   4.5678694e-01
   3.5575342e-01
   3.5093139e-01
   3.5505859e-01
   3.5305629e-01
   3.5178227e-01
   3.5937857e-01
   3.5086752e-01
   3.4429649e-01
   3.5743094e-01
   3.5174140e-01
   3.7063841e-01
   3.5315835e-01
   4.7619242e-01
   3.4889875e-01
   3.5455621e-01
   3.6260014e-01
   3.5641287e-01
   3.5553065e-01
   3.5828606e-01
   3.4905352e-01
   3.5087690e-01
   3.5881522e-01
   3.5319738e-01
   3.9338300e-01
   3.4932436e-01
   4.8276567e-01
   3.5000431e-01
   3.5124803e-01
   3.5023434e-01
   3.5491503e-01
   3.5534393e-01
   3.4679993e-01
   3.5515312e-01
   3.5111863e-01
   3.5289700e-01
   3.5394863e-01
   3.5180868e-01
   3.4848293e-01
   3.6012905e-01
   3.4411131e-01
   3.4456952e-01
   3.4585091e-01
   3.4499109e-01
   3.5177819e-01
   3.5729411e-01
   3.5224751e-01
   4.7591031e-01
   3.5534454e-01
   3.6615486e-01
   3.6373335e-01
   3.5069669e-01
   3.7159963e-01
   3.5203083e-01
   4.0631268e-01
   3.5052844e-01
   3.8997431e-01
   3.5927310e-01
   3.5594780e-01
   4.1112809e-01
   3.5207449e-01
   4.3271945e-01
   3.4658687e-01
   4.1729730e-01
   3.5064211e-01
   3.5349617e-01
   3.5090009e-01
   3.4532429e-01
   3.4722833e-01
   3.5903039e-01
   3.4534983e-01
   3.4614891e-01
   3.5550838e-01
   3.5093082e-01
   3.4863765e-01
   3.5064905e-01
   3.5304853e-01
   3.5091980e-01
   3.6528673e-01
   3.5310385e-01
   4.3706138e-01
   3.5847796e-01
   6.0373615e-01
   3.5574616e-01
   4.7377870e-01
   3.5690684e-01
   3.5425857e-01
   3.5527015e-01
   3.5657098e-01
   3.5848889e-01
   3.6311592e-01
   3.6068773e-01
   3.7234179e-01
   3.6524921e-01
   3.7019989e-01
   3.7352693e-01
   3.8965230e-01
   3.7763708e-01
   3.8707315e-01
   3.8325664e-01
   3.9019311e-01
   3.8911289e-01
   4.0433851e-01
   3.9674812e-01
   4.1462847e-01
   4.1325193e-01
   4.2764258e-01
   4.1757515e-01
   4.2427433e-01
   4.2926896e-01
   4.2923797e-01
   5.7290601e-01
   4.7819780e-01
   4.1617275e-01
   4.1577617e-01
   4.1707729e-01
   4.2385683e-01
   4.2458269e-01
   4.2688604e-01
   4.3068028e-01
   4.3159158e-01
   4.3394616e-01
   4.3563334e-01
   4.3788755e-01
   4.4970827e-01
   4.3989349e-01
   4.4233353e-01
   4.4768530e-01
   4.4771288e-01
   4.5171261e-01
   4.4282908e-01
   4.6732325e-01
   4.4726325e-01
   4.4976671e-01
   4.5075137e-01
   4.4690150e-01
   4.5753448e-01
   4.4749439e-01
   4.6172086e-01
   4.5476376e-01
   4.5311336e-01
   4.6061049e-01
   4.5241903e-01
   4.5863063e-01
   4.5336508e-01
   4.6251047e-01
   4.6263906e-01
   4.6314692e-01
   4.7244240e-01
   4.9540690e-01
   4.5444525e-01
   4.5275012e-01
   4.3351324e-01
   4.2541067e-01
   4.2172455e-01
   4.1382847e-01
   4.1271808e-01
   4.0600416e-01
   4.0620994e-01
   3.9258382e-01
   3.9098534e-01
   3.8496730e-01
   3.8339704e-01
   3.8225032e-01
   3.8671624e-01
   3.7940255e-01
   3.8419802e-01
   3.7888921e-01
   4.0323109e-01
   3.7453135e-01
   3.7387915e-01
   3.6518279e-01
   3.6613009e-01
   3.6552972e-01
   3.6740874e-01
   3.6269537e-01
   3.6691997e-01
   3.7260582e-01
   3.7725704e-01
   3.7087696e-01
   4.6978252e-01
   3.5796413e-01
   4.0756220e-01
   3.5921429e-01
   3.5844003e-01
   3.6103541e-01
   3.5904853e-01
   3.5608082e-01
   4.1400537e-01
   3.5733562e-01
   3.5185624e-01
   3.5593753e-01
   3.5016660e-01
   3.5172630e-01
   3.5149073e-01
   3.4973223e-01
   3.5506452e-01
   3.4931923e-01
   3.6622429e-01
   3.5731187e-01
   5.0873936e-01
   3.4716787e-01
   3.9245913e-01
   3.5737729e-01
   3.5377175e-01
   3.5913056e-01
   3.6306731e-01
   3.6403740e-01
   3.6469901e-01
   3.7167448e-01
   3.6514539e-01
   3.8105985e-01
   3.7481515e-01
   3.8076734e-01
   3.8413400e-01
   3.9222606e-01
   4.0900457e-01
   3.9457953e-01
   4.0682232e-01
   3.8630047e-01
   3.8649901e-01
   3.8261481e-01
   3.8485454e-01
   3.7758679e-01
   3.9422694e-01
   3.7464273e-01
   5.3700380e-01
   3.6374354e-01
   3.6685898e-01
   3.6754335e-01
   3.6343551e-01
   3.6733985e-01
   3.6977199e-01
   3.6010090e-01
   3.9096376e-01
   3.7480906e-01
   3.7472525e-01
   3.5829940e-01
   3.6779189e-01
   3.6940635e-01
   3.6469195e-01
   3.5889835e-01
   3.5683954e-01
   3.6275829e-01
   3.5581654e-01
   3.5408734e-01
   3.5659721e-01
   3.5659869e-01
