   6.9099160e-01
   6.6941606e-01
   6.5298343e-01
   6.4211983e-01
   6.3548938e-01
   6.3103032e-01
   6.2753000e-01
   6.2415204e-01
   6.2001271e-01
   6.1426346e-01
   6.0662887e-01
   5.9746175e-01
   5.8739129e-01
   5.7687999e-01
   5.6662679e-01
   5.5558304e-01
   5.5429720e-01
   5.5368918e-01
   5.5729704e-01
   5.5469254e-01
   5.2846895e-01
   5.4899488e-01
   5.4860481e-01
   5.1679379e-01
   4.9975625e-01
   5.1311236e-01
   4.9002631e-01
   5.1248148e-01
   4.8268364e-01
   5.0603554e-01
   4.8937584e-01
   5.2546947e-01
   5.0284191e-01
   5.1277961e-01
   4.7355076e-01
   4.9471875e-01
   4.6092740e-01
   4.7917431e-01
   4.5247717e-01
   4.6304066e-01
   4.4534609e-01
   4.4757672e-01
   4.3951183e-01
   4.3827450e-01
   4.3311018e-01
   4.3374929e-01
   4.2667687e-01
   4.3539557e-01
   4.2026133e-01
   4.6704824e-01
   4.3479230e-01
   5.1488201e-01
   4.8394352e-01
   4.8131624e-01
   4.3053561e-01
   4.5057566e-01
   4.2817132e-01
   4.3262294e-01
   4.2499823e-01
   4.2173576e-01
   4.1944753e-01
   4.1731648e-01
   4.1571346e-01
   4.1362631e-01
   4.1227144e-01
   4.1037106e-01
   4.0971831e-01
   4.0724244e-01
   4.1136241e-01
   4.0335315e-01
   4.3307543e-01
   4.0215982e-01
   5.2582947e-01
   4.7310736e-01
   5.6952289e-01
   4.0790694e-01
   4.3499475e-01
   4.1046538e-01
   4.4112479e-01
   4.0744432e-01
   4.0621992e-01
   4.0179560e-01
   4.0132418e-01
   3.9956930e-01
   3.9928172e-01
   3.9837444e-01
   3.9785759e-01
   3.9894806e-01
   3.9703306e-01
   3.9804183e-01
   3.9476355e-01
   4.0508054e-01
   3.9245149e-01
   4.3391722e-01
   4.0445179e-01
   4.5543092e-01
   4.6318893e-01
   5.0595639e-01
   4.0187320e-01
   4.3546185e-01
   3.9635052e-01
   4.0315699e-01
   3.9656719e-01
   4.0105678e-01
   3.9279800e-01
   3.9819436e-01
   3.9058576e-01
   3.9708621e-01
   3.8789208e-01
   3.9585001e-01
   3.8545787e-01
   3.9528667e-01
   3.8299993e-01
   3.9892557e-01
   3.8205490e-01
   4.1402363e-01
   3.8543788e-01
   4.6741456e-01
   3.9817719e-01
   4.3773598e-01
   3.8812323e-01
   4.6767670e-01
   3.8435966e-01
   4.2810645e-01
   3.8202264e-01
   3.8660731e-01
   3.8121552e-01
   3.8369181e-01
   3.7844024e-01
   3.8319845e-01
   3.7617517e-01
   3.8152917e-01
   3.7583392e-01
   3.7712222e-01
   3.7474554e-01
   3.7735490e-01
   3.7618507e-01
   3.8836987e-01
   3.6939473e-01
   5.4793327e-01
   3.8360942e-01
   5.7462534e-01
   4.8244552e-01
   3.9022505e-01
   4.2307221e-01
   3.9580953e-01
   3.7293321e-01
   4.5787926e-01
   3.7039163e-01
   3.6990491e-01
   3.6833061e-01
   3.6791795e-01
   3.6742238e-01
   3.6856105e-01
   3.6453943e-01
   3.6935855e-01
   3.6433521e-01
   3.7163984e-01
   3.6540789e-01
   3.7106775e-01
   3.6461267e-01
   3.7707898e-01
   3.7012926e-01
   3.8998916e-01
   3.8057501e-01
   4.5836817e-01
   3.7307609e-01
   4.9312259e-01
   3.6997468e-01
   3.9537914e-01
   3.6878884e-01
   3.7286781e-01
   3.7068304e-01
   3.7495093e-01
   3.6866096e-01
   3.7190587e-01
   3.6553413e-01
   3.7602846e-01
   3.6606891e-01
   3.7475429e-01
   3.6271445e-01
   4.0070075e-01
   3.6197184e-01
   4.6336465e-01
   3.6181151e-01
   4.6922893e-01
   3.6420391e-01
   5.0276081e-01
   3.6732018e-01
   3.6383763e-01
   3.5777018e-01
   3.6490472e-01
   3.5714526e-01
   3.6808463e-01
   3.5965623e-01
   3.6391826e-01
   3.5680976e-01
   3.7227664e-01
   3.6330827e-01
   3.8506874e-01
   3.6206195e-01
   5.2405143e-01
   3.6245684e-01
   4.0770097e-01
   3.5695114e-01
   3.6485819e-01
   3.5967542e-01
   3.6834822e-01
   3.6783242e-01
   3.8739546e-01
   3.5715888e-01
   4.6082597e-01
   3.5458763e-01
   3.6149163e-01
   3.6737114e-01
   3.6388228e-01
   4.0682359e-01
   3.6111702e-01
   5.2062342e-01
   3.5364173e-01
   3.4896795e-01
   3.8622726e-01
   3.5678254e-01
   4.1809415e-01
   3.5499941e-01
   3.5574168e-01
   5.1887977e-01
   3.6523206e-01
   3.5744764e-01
   4.8075313e-01
   3.6460285e-01
   4.6293543e-01
   3.5319611e-01
   6.1491143e-01
   3.6596363e-01
   3.5476154e-01
   3.5195491e-01
   3.5814009e-01
   3.5077668e-01
   3.5481226e-01
   3.5228728e-01
   3.5355277e-01
   3.5405501e-01
   3.5526416e-01
   3.5311186e-01
   3.5914382e-01
   3.5257731e-01
   3.4924764e-01
   3.5882705e-01
   3.4889015e-01
   3.5686146e-01
   3.5053435e-01
   3.5511777e-01
   3.5771548e-01
   3.5674480e-01
   4.4456814e-01
   3.5442221e-01
   3.7513254e-01
   3.4833670e-01
   3.5857682e-01
   3.5616965e-01
   3.6705295e-01
   3.6289881e-01
   4.3023779e-01
   3.5433392e-01
   5.0050014e-01
   3.5744744e-01
   4.9286466e-01
   3.7385502e-01
   3.5574113e-01
   3.6890307e-01
   3.7138686e-01
   3.6368462e-01
   3.6516388e-01
   3.7069083e-01
   3.7760362e-01
   3.7608969e-01
   3.8820998e-01
   3.7623572e-01
   5.5033933e-01
   3.6762564e-01
   5.2755008e-01
   3.6534711e-01
   3.6940456e-01
   3.8265505e-01
   3.7998727e-01
   3.9374132e-01
   3.9656720e-01
   3.9714309e-01
   3.9759534e-01
   4.0952977e-01
   4.0718017e-01
   4.1144541e-01
   4.0759643e-01
   4.2276018e-01
   4.0871135e-01
   4.0033023e-01
   4.0154700e-01
   3.9903888e-01
   3.9673194e-01
   4.0627448e-01
   4.0170579e-01
   4.5803336e-01
   3.8616180e-01
   4.3538429e-01
   3.9070045e-01
   4.1426968e-01
   3.8004782e-01
   3.9256584e-01
   3.8150766e-01
   4.8800860e-01
   3.8279358e-01
   3.7625834e-01
   3.8055659e-01
   3.8056056e-01
   3.7836344e-01
   3.8289875e-01
   3.8152201e-01
   3.8164809e-01
   3.8997185e-01
   3.7880468e-01
   3.9815548e-01
   3.7911293e-01
   5.7061099e-01
   3.7135892e-01
   3.8769723e-01
   3.8444991e-01
   4.1846402e-01
   3.9815680e-01
   3.9275105e-01
   3.9684544e-01
   4.0916268e-01
   4.0471710e-01
   4.0893542e-01
   4.2473861e-01
   4.1136936e-01
   4.6352645e-01
   4.0844938e-01
   4.0782706e-01
   4.1669974e-01
   4.1264079e-01
   4.1776447e-01
   4.1686953e-01
   4.2423413e-01
   4.2105670e-01
   4.1709328e-01
   4.1769251e-01
   4.2924820e-01
   4.1746268e-01
   4.2604905e-01
   4.1930329e-01
   4.2151782e-01
   4.1855713e-01
   4.2206856e-01
   4.2014057e-01
   4.2172851e-01
   4.2024102e-01
   4.3013667e-01
   4.1953804e-01
   4.2053602e-01
   4.2121917e-01
   4.1954642e-01
   4.2124174e-01
   4.1918749e-01
   4.2167743e-01
   4.1958893e-01
   4.2829843e-01
   4.1950820e-01
   4.3080244e-01
   4.1714990e-01
   5.7567390e-01
   4.1157108e-01
   4.2545011e-01
   4.2456520e-01
   4.3241992e-01
   4.3362074e-01
   4.3614792e-01
   4.3986363e-01
   4.4184940e-01
   4.4410639e-01
   4.4315038e-01
   4.5070549e-01
   4.4586221e-01
   4.5752051e-01
   4.4779934e-01
   4.6355142e-01
   4.4840461e-01
   4.6401620e-01
   4.4706789e-01
   5.1656660e-01
   4.3505383e-01
   4.4140416e-01
   4.3265831e-01
   4.7123944e-01
   4.2882358e-01
   4.6825893e-01
   4.2275686e-01
   4.9007625e-01
   4.2052487e-01
   4.1812944e-01
   4.1715036e-01
   5.1894293e-01
   4.0930702e-01
   4.1991771e-01
   4.1224358e-01
   4.1896988e-01
   4.1599244e-01
   4.1994804e-01
   4.1688812e-01
   4.2407334e-01
   4.2052063e-01
   4.2497650e-01
   4.2083556e-01
   4.1995671e-01
   4.2150756e-01
   4.2606016e-01
   4.2852666e-01
   4.2572055e-01
   4.1737687e-01
   4.2710491e-01
   4.2363210e-01
   4.1822885e-01
   4.1925827e-01
   4.2030521e-01
   4.2294928e-01
   4.1820599e-01
   4.2218811e-01
   4.2594827e-01
   4.1918639e-01
   4.2140877e-01
   4.1796192e-01
   4.3123712e-01
   4.1920058e-01
   5.0270038e-01
   4.2470539e-01
   4.1527582e-01
   4.2785531e-01
   4.3257267e-01
   4.3604546e-01
   4.3848533e-01
   4.4179792e-01
   4.4585167e-01
   4.4116680e-01
   4.5016255e-01
   4.4593043e-01
   4.5343265e-01
   4.4902664e-01
   4.5737418e-01
   4.4850292e-01
   4.4600557e-01
   4.4048427e-01
   4.4009579e-01
   4.3766881e-01
   4.3254132e-01
   4.3336950e-01
   4.3072858e-01
   4.3374929e-01
   4.3115306e-01
   4.3684184e-01
   4.2158576e-01
   4.2877846e-01
   4.2264663e-01
   4.3048772e-01
   4.2128764e-01
   4.2214853e-01
   4.1919062e-01
   4.2701913e-01
   4.2104006e-01
   4.1965924e-01
   4.1925543e-01
   4.2267187e-01
   4.2073409e-01
   4.2912527e-01
   4.2332653e-01
   4.3530091e-01
   4.2131452e-01
   4.2371048e-01
   4.2359103e-01
   4.2369371e-01
   4.2336342e-01
   4.2052455e-01
   4.2050769e-01
   4.2681277e-01
   4.1379809e-01
   4.0249800e-01
   4.0753511e-01
   4.0169252e-01
   4.1538328e-01
   3.9328183e-01
   3.9054350e-01
   3.9311018e-01
   3.9461255e-01
   3.9143486e-01
   3.8936987e-01
   3.8355304e-01
   3.9353639e-01
   3.8749789e-01
   4.0269648e-01
   3.8310139e-01
   4.4680896e-01
