   7.1245299e-01
   6.8100436e-01
   6.6248525e-01
   6.5029325e-01
   6.4103576e-01
   6.3232998e-01
   6.2139396e-01
   6.0925517e-01
   5.9614098e-01
   5.8067801e-01
   5.6576456e-01
   5.5253019e-01
   5.3789440e-01
   5.3971939e-01
   5.1386474e-01
   5.1743548e-01
   4.9427520e-01
   4.9577793e-01
   5.0140007e-01
   4.7552958e-01
   4.5683441e-01
   4.7865519e-01
   4.4295747e-01
   4.7821466e-01
   4.3940081e-01
   4.7268639e-01
   4.5741946e-01
   4.6203354e-01
   4.3686988e-01
   4.6745425e-01
   4.4562376e-01
   4.4629693e-01
   4.4470276e-01
   4.3428776e-01
   4.3262416e-01
   4.2495291e-01
   4.2395932e-01
   4.1779090e-01
   4.0631617e-01
   4.0963855e-01
   3.9100012e-01
   4.0792142e-01
   3.8497230e-01
   4.4281387e-01
   3.8695723e-01
   4.5659108e-01
   4.2190641e-01
   4.6501303e-01
   4.0158444e-01
   4.3572232e-01
   4.0173278e-01
   4.2856362e-01
   3.9242065e-01
   3.9752645e-01
   3.8530211e-01
   3.8185043e-01
   3.8150325e-01
   3.8040944e-01
   3.7954155e-01
   3.7876073e-01
   3.7717730e-01
   3.7717984e-01
   3.7437690e-01
   3.8240598e-01
   3.7260200e-01
   3.9891703e-01
   3.7962060e-01
   4.4828149e-01
   4.3645429e-01
   4.7094949e-01
   3.8095887e-01
   4.2858703e-01
   3.8719049e-01
   4.0242165e-01
   3.8051498e-01
   4.1958852e-01
   3.8248831e-01
   4.0136627e-01
   3.7821324e-01
   3.7416979e-01
   3.7653389e-01
   3.7446168e-01
   3.7233591e-01
   3.7602652e-01
   3.7134723e-01
   3.6864565e-01
   3.6874519e-01
   3.6877000e-01
   3.6851585e-01
   3.7061417e-01
   3.7103479e-01
   3.8687158e-01
   3.7894364e-01
   5.7093299e-01
   3.7922357e-01
   4.3991247e-01
   3.9846587e-01
   4.3778833e-01
   3.7317442e-01
   3.7517978e-01
   3.6932931e-01
   3.7019250e-01
   3.6523044e-01
   3.6869540e-01
   3.6751185e-01
   4.2971566e-01
   3.8441558e-01
   4.6306195e-01
   3.8958622e-01
   4.4656001e-01
   3.7811023e-01
   4.3954755e-01
   3.6842110e-01
   3.7078166e-01
   3.6463388e-01
   3.6431853e-01
   3.6559008e-01
   3.6069640e-01
   3.6436629e-01
   3.5687436e-01
   3.6377985e-01
   3.5955593e-01
   3.6044789e-01
   3.7796086e-01
   3.6608260e-01
   5.0614573e-01
   4.0203140e-01
   4.6215593e-01
   4.0732822e-01
   4.9650361e-01
   3.6657699e-01
   3.6946244e-01
   3.6556071e-01
   3.6579279e-01
   3.6477174e-01
   3.6024183e-01
   3.6368972e-01
   3.6817778e-01
   3.6378217e-01
   4.1526064e-01
   3.6043830e-01
   5.1102680e-01
   3.6153648e-01
   3.6432783e-01
   3.6049886e-01
   3.6780778e-01
   3.6123753e-01
   4.0308199e-01
   3.6191087e-01
   3.6683175e-01
   3.5944914e-01
   4.6644572e-01
   3.6289298e-01
   3.6939140e-01
   3.7779378e-01
   4.2298244e-01
   3.6924499e-01
   3.9024464e-01
   3.6915200e-01
   5.3763870e-01
   3.5929051e-01
   4.3135407e-01
   3.7062657e-01
   4.1471203e-01
   3.5894455e-01
   3.6267766e-01
   3.6215050e-01
   3.6118009e-01
   3.6104926e-01
   4.8240069e-01
   3.6214391e-01
   3.8891191e-01
   3.5477794e-01
   3.5989967e-01
   3.5946434e-01
   3.5989854e-01
   3.5864153e-01
   3.6041032e-01
   3.6148685e-01
   3.6236552e-01
   3.5922161e-01
   4.1388805e-01
   3.5474079e-01
   5.2812580e-01
   3.5762111e-01
   4.2977833e-01
   3.7105267e-01
   3.5769518e-01
   3.5434010e-01
   3.6818375e-01
   3.5070271e-01
   3.6736468e-01
   3.6286579e-01
   4.4460557e-01
   3.6370004e-01
   5.2179596e-01
   3.5913623e-01
   3.7792010e-01
   3.8932842e-01
   3.5508213e-01
   3.5351438e-01
   3.5305803e-01
   3.5113054e-01
   3.5618614e-01
   3.5211762e-01
   3.5347163e-01
   3.5048803e-01
   3.6683388e-01
   3.5351110e-01
   4.8377182e-01
   3.7486233e-01
   4.6932631e-01
   3.5022477e-01
   3.7467043e-01
   3.5048217e-01
   3.6653905e-01
   3.5847254e-01
   3.8093862e-01
   3.4806626e-01
   3.7756089e-01
   3.4968821e-01
   3.7533866e-01
   3.5166335e-01
   4.6926826e-01
   3.4955822e-01
   3.5529050e-01
   3.6162113e-01
   3.5674818e-01
   3.4703330e-01
   3.4898675e-01
   3.4845238e-01
   3.5259943e-01
   3.4962828e-01
   3.6437517e-01
   3.4873102e-01
   3.6709704e-01
   3.4756060e-01
   4.2129695e-01
   3.4807736e-01
   4.4285927e-01
   3.5126142e-01
   5.2775676e-01
   3.5791305e-01
   5.1780814e-01
   3.5932623e-01
   3.5600059e-01
   3.5062497e-01
   3.4623892e-01
   3.5078597e-01
   3.6384224e-01
   3.6146919e-01
   4.5764555e-01
   3.5801740e-01
   4.7876589e-01
   3.5337717e-01
   3.7079050e-01
   3.4636687e-01
   3.6427622e-01
   3.4847081e-01
   3.5709012e-01
   3.4723197e-01
   3.5783865e-01
   3.5009280e-01
   3.5721772e-01
   3.4835781e-01
   3.5068051e-01
   3.4469412e-01
   3.4605735e-01
   3.4369005e-01
   3.4849222e-01
   3.4490197e-01
   3.4842422e-01
   3.4652238e-01
   3.4907230e-01
   3.5032078e-01
   3.5467878e-01
   3.5022547e-01
   3.4746440e-01
   3.4216614e-01
   3.4827182e-01
   3.4634210e-01
   3.5023630e-01
   3.6032025e-01
   3.4524417e-01
   3.7854427e-01
   3.5174270e-01
   3.8545528e-01
   3.5722306e-01
   3.4558913e-01
   3.5514707e-01
   3.4568525e-01
   3.8066005e-01
   3.4261071e-01
   3.8234300e-01
   3.4339947e-01
   3.6471462e-01
   3.4342399e-01
   3.6234149e-01
   3.4577740e-01
   3.5662991e-01
   3.4571659e-01
   4.2962429e-01
   3.6441019e-01
   3.6006807e-01
   3.5993405e-01
   3.4845118e-01
   3.6125236e-01
   3.4842621e-01
   3.9234591e-01
   3.4424878e-01
   5.0948386e-01
   3.4548441e-01
   4.6822504e-01
   3.4834562e-01
   3.5066168e-01
   3.4842652e-01
   3.4542639e-01
   3.5288256e-01
   3.4596376e-01
   3.4189033e-01
   3.4458364e-01
   3.4180394e-01
   3.4284136e-01
   3.4852241e-01
   3.4582771e-01
   3.5412858e-01
   3.4444580e-01
   5.4150700e-01
   3.5501780e-01
   3.6795757e-01
   3.4837359e-01
   4.0150884e-01
   3.4563333e-01
   4.6093648e-01
   3.5061188e-01
   3.5891999e-01
   3.5742052e-01
   3.5499923e-01
   3.5170293e-01
   3.5774871e-01
   3.5254922e-01
   3.6615745e-01
   3.4798567e-01
   3.6028391e-01
   3.5158351e-01
   3.6156832e-01
   3.4912824e-01
   4.9536573e-01
   3.4403105e-01
   3.8488012e-01
   3.4606632e-01
   5.3804658e-01
   3.4103851e-01
   3.5339396e-01
   3.5082382e-01
   3.7290020e-01
   3.5028334e-01
   3.4649360e-01
   3.4836506e-01
   3.4826456e-01
   3.4833740e-01
   3.6087386e-01
   3.4842652e-01
   5.6673502e-01
   3.4976795e-01
   3.4842517e-01
   3.4905622e-01
   3.4622904e-01
   3.4656201e-01
   3.4689467e-01
   3.4445868e-01
   3.5260648e-01
   3.4837598e-01
   3.5690870e-01
   3.5266244e-01
   4.1122096e-01
   3.4207750e-01
   4.2998507e-01
   3.4432427e-01
   3.6353140e-01
   3.4820724e-01
   3.4826956e-01
   3.4403968e-01
   3.4403092e-01
   3.4439897e-01
   3.4406856e-01
   3.4983760e-01
   3.4406680e-01
   3.4623302e-01
   3.4406636e-01
   3.4710360e-01
   3.4939382e-01
   3.4183345e-01
   3.5055319e-01
   3.4866368e-01
   3.4403092e-01
   3.4621118e-01
   3.4091638e-01
   3.3683473e-01
   3.4184725e-01
   3.4150781e-01
   3.4740849e-01
   3.4120988e-01
   6.2226225e-01
   4.8590932e-01
   4.0152628e-01
   3.3871916e-01
   4.2847169e-01
   3.4717671e-01
   3.3978347e-01
   3.4404350e-01
   3.4178325e-01
   3.4260380e-01
   3.4241628e-01
   3.4975083e-01
   3.4813589e-01
   3.3963356e-01
   3.3940677e-01
   3.4393907e-01
   3.4311359e-01
   3.4190781e-01
   3.4498631e-01
   3.4170002e-01
   3.4916542e-01
   3.4400622e-01
   3.5458203e-01
   3.4622790e-01
   3.4513924e-01
   3.4610010e-01
   3.6723166e-01
   3.4182832e-01
   3.5935307e-01
   3.4406697e-01
   4.7159613e-01
   3.4370109e-01
   4.4483035e-01
   3.4253193e-01
   3.5449007e-01
   3.9482970e-01
   3.5798032e-01
   3.4842652e-01
   3.4792820e-01
   3.4403663e-01
   3.4465417e-01
   3.5291717e-01
   3.4410752e-01
   3.4794256e-01
   3.4183564e-01
   3.3969011e-01
   3.4182911e-01
   3.4001379e-01
   3.4841922e-01
   3.3977576e-01
   3.4260938e-01
   3.4044196e-01
   3.4348028e-01
   3.3965130e-01
   3.4403493e-01
   3.4154303e-01
   3.4403145e-01
   3.3964525e-01
   3.4842652e-01
   3.5086193e-01
   3.4842652e-01
   3.4159876e-01
   3.4839396e-01
   3.5395311e-01
   3.4190518e-01
   3.5011492e-01
   3.4102568e-01
   3.4196750e-01
   3.4666836e-01
   3.3963537e-01
   3.4198568e-01
   3.3761830e-01
   3.4186171e-01
   3.4402774e-01
   3.5256508e-01
   3.3963548e-01
   3.5833391e-01
   3.5237524e-01
   5.3722287e-01
   3.8350626e-01
   3.6765939e-01
   3.5402019e-01
   3.8188723e-01
   3.5062245e-01
   3.5296599e-01
   3.4421687e-01
   3.4846720e-01
   3.4402926e-01
   3.3963549e-01
   3.4185041e-01
   3.4551243e-01
   3.3746169e-01
   3.4234891e-01
   3.4311286e-01
   3.4601178e-01
   3.5062432e-01
   3.5783183e-01
