   6.7399343e-01
   6.6314137e-01
   6.5320970e-01
   6.4383062e-01
   6.3516204e-01
   6.2720358e-01
   6.1893476e-01
   6.1065695e-01
   6.0254510e-01
   5.9490071e-01
   5.8655865e-01
   5.8047976e-01
   5.7061306e-01
   5.7226391e-01
   5.5653646e-01
   5.8729143e-01
   5.7604626e-01
   5.6942586e-01
   5.5806361e-01
   5.5574860e-01
   5.4761983e-01
   5.4177636e-01
   5.4301133e-01
   5.4384783e-01
   5.3884041e-01
   5.3123819e-01
   5.4795668e-01
   5.3115869e-01
   5.2426686e-01
   5.2693339e-01
   5.1559811e-01
   5.2653692e-01
   5.0875008e-01
   5.2969821e-01
   5.0258679e-01
   5.1473462e-01
   4.9485821e-01
   5.1545777e-01
   4.9080986e-01
   5.1229984e-01
   4.8729638e-01
   5.0703661e-01
   4.8309474e-01
   5.0201110e-01
   4.8086021e-01
   5.1118381e-01
   4.8312452e-01
   5.2661801e-01
   4.7923624e-01
   5.2075494e-01
   4.7942689e-01
   5.1017695e-01
   4.7690806e-01
   5.1630204e-01
   4.7550937e-01
   4.9877835e-01
   4.7540822e-01
   5.3157903e-01
   4.7273947e-01
   5.1193030e-01
   4.7117518e-01
   4.9072694e-01
   4.6975244e-01
   4.7593146e-01
   4.7268731e-01
   4.7538061e-01
   4.6955339e-01
   4.7739583e-01
   4.6876843e-01
   4.8540203e-01
   4.6843175e-01
   5.5541338e-01
   4.6700921e-01
   4.9360138e-01
   4.6990990e-01
   5.3400328e-01
   4.6557953e-01
   4.7832648e-01
   4.6463559e-01
   4.7937058e-01
   4.6407794e-01
   4.7937059e-01
   4.6371616e-01
   4.7498479e-01
   4.6598062e-01
   4.7120634e-01
   4.6436389e-01
   4.7111458e-01
   4.6231692e-01
   4.7669143e-01
   4.6261611e-01
   4.8375088e-01
   4.6356635e-01
   5.3402182e-01
   4.6883804e-01
   5.2808397e-01
   4.7509683e-01
   5.4043619e-01
   4.6816284e-01
   5.1620773e-01
   4.6582937e-01
   4.6469923e-01
   4.6779227e-01
   4.6600947e-01
   4.6769926e-01
   4.6800272e-01
   4.6738979e-01
   4.6416849e-01
   4.6816439e-01
   4.6209620e-01
   4.6893016e-01
   4.6260679e-01
   4.6822871e-01
   4.6400155e-01
   4.6758853e-01
   4.6380767e-01
   4.6876091e-01
   4.6196754e-01
   4.7185915e-01
   4.6263622e-01
   4.7839113e-01
   4.6313216e-01
   5.3257161e-01
   4.6123080e-01
   4.6252831e-01
   4.7170653e-01
   4.6139208e-01
   4.6768859e-01
   4.6030501e-01
   4.6686138e-01
   4.6456998e-01
   4.6777073e-01
   4.6108972e-01
   4.7117307e-01
   4.6088419e-01
   5.2408905e-01
   4.5999205e-01
   4.6778920e-01
   4.5934004e-01
   4.7361290e-01
   4.6401582e-01
   4.9716868e-01
   4.6528333e-01
   5.8823312e-01
   4.5839013e-01
   5.2183503e-01
   4.5986674e-01
   4.5797511e-01
   4.5793345e-01
   4.6423886e-01
   4.6148993e-01
   4.6373330e-01
   4.6087009e-01
   4.6372609e-01
   4.6143449e-01
   4.5933433e-01
   4.6812216e-01
   4.6139805e-01
   4.9888542e-01
   4.6589917e-01
   4.6707985e-01
   4.6475668e-01
   4.6421270e-01
   4.6449607e-01
   4.5946845e-01
   4.6850791e-01
   4.7149115e-01
   4.6743303e-01
   4.6083354e-01
   4.6504594e-01
   4.6517205e-01
   4.6435458e-01
   4.6707612e-01
   4.6472203e-01
   4.7076440e-01
   4.6466730e-01
   5.4706682e-01
   4.6276864e-01
   4.6585145e-01
   4.6275610e-01
   5.2635927e-01
   4.6182733e-01
   4.5297012e-01
   4.7043419e-01
   4.5741072e-01
   5.0554538e-01
   4.5432003e-01
   4.6214553e-01
   4.5806965e-01
   4.6316400e-01
   4.5989041e-01
   4.5699804e-01
   4.6947669e-01
   4.5392722e-01
   4.6216400e-01
   4.6520716e-01
   4.7125921e-01
   4.5496321e-01
   6.1077735e-01
   4.5141144e-01
   4.6147964e-01
   4.5136580e-01
   4.7025232e-01
   4.4967681e-01
   5.5333573e-01
   4.5351674e-01
   5.5700987e-01
   4.5194896e-01
   5.1361096e-01
   4.4978653e-01
   4.5976023e-01
   4.5832334e-01
   4.5714585e-01
   4.5827243e-01
   4.5820290e-01
   4.6070125e-01
   4.5862988e-01
   4.5836005e-01
   4.5767634e-01
   4.5651667e-01
   4.5961936e-01
   4.6647208e-01
   4.6112591e-01
   4.6015247e-01
   4.5945794e-01
   4.6130732e-01
   4.6975628e-01
   4.6123834e-01
   4.5853784e-01
   4.6193715e-01
   4.6863441e-01
   4.5637613e-01
   4.6053315e-01
   4.5514733e-01
   4.7450660e-01
   4.5771634e-01
   5.5276854e-01
   4.5496605e-01
   4.8756387e-01
   4.5629741e-01
   4.6193373e-01
   4.5774290e-01
   4.6256258e-01
   4.6261683e-01
   4.6214611e-01
   4.7063546e-01
   4.5852496e-01
   4.5792573e-01
   4.6421681e-01
   4.5841879e-01
   4.6219362e-01
   4.5823669e-01
   4.6383827e-01
   4.6008239e-01
   4.6741450e-01
   4.7087848e-01
   4.6338811e-01
   4.6962548e-01
   4.6503644e-01
   4.5807299e-01
   4.6961744e-01
   4.6230568e-01
   4.6516779e-01
   4.6594013e-01
   4.6787589e-01
   4.5764651e-01
   4.7958224e-01
   4.6175145e-01
   4.6526054e-01
   4.6581867e-01
   4.5604646e-01
   4.5639664e-01
   4.6592308e-01
   4.6638111e-01
   4.5790075e-01
   4.5670922e-01
   4.5654993e-01
   4.5590644e-01
   4.7452783e-01
   4.5620055e-01
   5.7033406e-01
   4.5266409e-01
   6.0068040e-01
   4.5323429e-01
   4.8849667e-01
   4.5429727e-01
   4.5341911e-01
   4.5338097e-01
   4.5555250e-01
   4.5714256e-01
   4.5343929e-01
   4.5821643e-01
   4.6728120e-01
   4.5672699e-01
   6.2124034e-01
   4.5322815e-01
   4.4873805e-01
   4.5445029e-01
   4.5024575e-01
   4.5604411e-01
   4.5070969e-01
   4.5973854e-01
   4.5405934e-01
   4.5833561e-01
   4.6451374e-01
   4.5826593e-01
   4.5366669e-01
   4.6762844e-01
   4.5788005e-01
   4.6032913e-01
   4.5606798e-01
   4.5974226e-01
   4.5542432e-01
   4.6115510e-01
   4.5601706e-01
   4.6260834e-01
   4.5701786e-01
   4.6674767e-01
   4.5851564e-01
   4.6222968e-01
   4.5856708e-01
   4.6617263e-01
   4.5967387e-01
   4.5792077e-01
   4.6593547e-01
   4.5802854e-01
   4.5991937e-01
   4.5888962e-01
   4.6426717e-01
   4.5909659e-01
   4.7369942e-01
   4.7768500e-01
   5.2453251e-01
   4.6358988e-01
   4.5899626e-01
   4.6134394e-01
   4.5852479e-01
   4.6626531e-01
   4.5874975e-01
   4.7037067e-01
   4.5902027e-01
   4.6200016e-01
   4.6656593e-01
   4.6268900e-01
   4.6175786e-01
   4.6087550e-01
   4.6053308e-01
   4.6086265e-01
   4.6038306e-01
   4.6540851e-01
   4.6102954e-01
   4.6849420e-01
   4.6324375e-01
   4.7252450e-01
   4.5924124e-01
   5.3221127e-01
   4.5983021e-01
   4.5653070e-01
   4.5880900e-01
   4.5921357e-01
   4.5872306e-01
   4.5948396e-01
   4.6025587e-01
   4.5920902e-01
   4.6403865e-01
   4.6061891e-01
   4.5875270e-01
   4.6094597e-01
   4.5684670e-01
   4.6152437e-01
   4.6731343e-01
   4.6313000e-01
   4.5777393e-01
   4.6504804e-01
   4.6012416e-01
   4.6633971e-01
   4.5589706e-01
   4.6049654e-01
   4.5899140e-01
   4.6147264e-01
   4.5844801e-01
   4.6449344e-01
   4.5852654e-01
   4.6119206e-01
   4.5853969e-01
   4.6176369e-01
   4.5945990e-01
   4.6314066e-01
   4.5936579e-01
   4.6038112e-01
   4.6355670e-01
   4.5867002e-01
   4.6550487e-01
   4.5688233e-01
   4.7604273e-01
   4.6019645e-01
   6.0532417e-01
   4.5473457e-01
   4.5926990e-01
   4.5674048e-01
   4.6121354e-01
   4.5807732e-01
   4.6043012e-01
   4.5676913e-01
   4.5744848e-01
   4.5739549e-01
   4.5603102e-01
   4.6152058e-01
   4.5933056e-01
   4.6952948e-01
   4.5944542e-01
   4.6594095e-01
   4.5878970e-01
   4.5761520e-01
   4.5817352e-01
   4.6016886e-01
   4.5831378e-01
   4.6115796e-01
   4.5935004e-01
   4.6748227e-01
   4.5958478e-01
   4.7896161e-01
   5.7707039e-01
   4.6623445e-01
   4.6564859e-01
   4.6870592e-01
   4.6645115e-01
   4.7673808e-01
   4.6598189e-01
   4.7763787e-01
   4.6541779e-01
   4.7509567e-01
   4.6483204e-01
   4.6591685e-01
   4.6577322e-01
   4.6723765e-01
   4.7505884e-01
   4.8440754e-01
   4.9950493e-01
   5.5002958e-01
   6.6568302e-01
   6.4171143e-01
   5.9491389e-01
   4.9229934e-01
   4.8985377e-01
   4.9166365e-01
   4.8662407e-01
   4.8807344e-01
   4.8314277e-01
   4.8946322e-01
   4.8147471e-01
   4.8482337e-01
   4.7905234e-01
   4.8361521e-01
   4.7687088e-01
   4.8560380e-01
   4.8077325e-01
   4.7961796e-01
   4.7511474e-01
   4.8435517e-01
   4.7953667e-01
   4.7567089e-01
   4.7708593e-01
   4.7237976e-01
   4.7559807e-01
   4.8282947e-01
   4.7235971e-01
   4.7594787e-01
   4.7480069e-01
   4.7050861e-01
   4.7072052e-01
   4.7090027e-01
   4.6917377e-01
   4.7094916e-01
   4.6772805e-01
   4.7605380e-01
   4.6710040e-01
   4.6896776e-01
   4.7282285e-01
   4.6640723e-01
   4.6705207e-01
   4.6729226e-01
   4.6872287e-01
   4.6953077e-01
   4.6908491e-01
   4.6881699e-01
   4.6918204e-01
   4.6544625e-01
   4.6601469e-01
   4.6356656e-01
   4.6781189e-01
   4.6511813e-01
   4.6549919e-01
   4.7148880e-01
   4.6513671e-01
   4.6612105e-01
   4.6499159e-01
   4.6353502e-01
   4.6538085e-01
   4.6406720e-01
