4.475832065325592579e-02 -2.567673469946021747e+00 2.347066942571280346e-01 -2.816899889285199438e-02 1.204147194580466262e+00 2.401575614303822714e+00 1.778375463357125374e+00 1.583993490629849843e+00 1.428766954830465563e+00 2.383406041708030276e+00 0.000000000000000000e+00
8.203648360829852715e-01 -1.705835800451766193e+00 8.465131817436768458e-01 8.624436607134745580e-01 -1.784161811507879170e-01 -3.568012151328135984e-01 4.313557480333108929e-01 3.657990265685165387e-01 -4.841111536951759331e-01 -5.837641949318835843e-01 1.000000000000000000e+00
-1.398544238494239256e+00 -2.933796198917366649e-01 -1.386829199406407920e+00 -1.301203513350408736e+00 1.242339553026081012e+00 2.470699553999306797e-01 -9.452166035522608922e-01 -8.993585418316296654e-01 7.294688922055173608e-01 1.756539090305232254e+00 1.000000000000000000e+00
-6.195655208235116840e-01 2.311225981590602774e-01 -7.650746389525980851e-01 -6.395625544063844314e-01 -1.571673417246814308e+00 -1.616167873931543042e+00 -1.745644479445462194e+00 -1.657029958497813871e+00 -1.365289429917643904e+00 -8.613767019816945814e-01 0.000000000000000000e+00
-1.118651452491337572e+00 1.166956431195752097e+00 -1.062024617025337569e+00 -1.057789445235031156e+00 8.604159685699332982e-01 1.518221367039141734e-01 -1.853036648717999030e-02 -5.068608395090647978e-01 1.065006527635425471e+00 1.198328995484643889e+00 1.000000000000000000e+00
-8.488752732114315247e-01 -1.723246662461751288e+00 -7.750227119198591641e-01 -9.205869544308130648e-01 3.562768370878190427e-01 1.180498578620891470e+00 5.593292175596672466e-01 1.739618609663343696e-01 1.748625261501965733e+00 1.131164679262914419e+00 0.000000000000000000e+00
-2.418788698316432506e-01 -1.257506103694653765e+00 -1.035277866297444477e-01 -2.938483834983878218e-01 1.219424137958711629e+00 1.449097427343657873e+00 7.598649636215867309e-01 1.384756078283369884e+00 3.376139586624601563e+00 1.699822556606882973e+00 0.000000000000000000e+00
-8.623640821754264829e-01 6.729232216624289054e-01 -7.799967484034894261e-01 -8.363398109545390202e-01 4.250230822899254135e-01 3.461276868437874743e-01 3.951945474127060987e-02 -1.120861381882540531e-01 -1.172148607484549271e-01 3.968348219053512982e-01 0.000000000000000000e+00
-2.823452967236294575e-01 3.921730717514215758e-01 -2.626969541059199220e-01 -3.341666593048907008e-01 1.303447326539064255e+00 -3.676854431419821628e-02 1.007896017961329438e+00 8.211988262176129760e-01 8.925339112929494556e-01 1.610134449490606690e-01 0.000000000000000000e+00
-3.767669594715968850e-01 -1.279764307968792314e-01 -3.969959391639430457e-01 -4.238296905760680633e-01 -4.992319920939514155e-01 -3.415615641414510573e-01 -4.024507750662494887e-01 -8.899659209638671742e-01 -2.112908332988963911e-01 -9.225708567614916422e-01 0.000000000000000000e+00
-1.476104890037212236e+00 -2.955559776429843577e-01 -1.476361856111756410e+00 -1.357468569886348897e+00 -7.911604919218989673e-02 -4.958630304289976531e-01 -7.784552989323486605e-01 -1.054763723461883851e+00 -7.632032055948193561e-01 2.162374382869255707e-01 0.000000000000000000e+00
4.089561626811293871e-01 5.728107651050151627e-01 5.082787008568051546e-01 2.817401360377278507e-01 -9.033071444485556434e-01 1.285271179186509682e+00 5.989086411245198027e-01 2.323099602963751287e-01 1.086957587897195321e+00 1.028043708902291603e-01 1.000000000000000000e+00
2.673236685591782735e-01 -9.963431735448787796e-01 2.794730226098026127e-01 1.974929925614537229e-01 5.548771010050150831e-01 3.251731667306640428e-01 4.234398633203401152e-01 2.690265691430835382e-01 -1.767963100304006663e-01 -3.360024950917296360e-01 1.000000000000000000e+00
4.561669940551130731e-01 -7.852364716738113870e-01 3.690056793151511028e-01 4.261638105684835143e-01 2.035074033053599074e-01 -4.730035539419535362e-01 -4.354336280369600076e-01 -4.292229361654748693e-02 -1.454376525135868403e-01 -4.673460468142205948e-01 1.000000000000000000e+00
-1.745881069317118284e+00 3.617040632339477702e-01 -1.760379339327057258e+00 -1.538599928360338431e+00 7.305619498548425739e-01 -4.825283358115552423e-01 -6.926998812085015667e-01 -6.466116530263812390e-01 -1.830680415337636036e-01 4.714618399294940865e-01 1.000000000000000000e+00
-1.368194418325249906e+00 -1.390263926520789006e+00 -1.375388915494057729e+00 -1.282548788723519406e+00 -1.478622943942962953e-01 -4.482391210809894000e-01 -1.153272440091502427e+00 -1.160074927130737565e+00 -9.450834191923392913e-01 4.356408712779049619e-01 1.000000000000000000e+00
-9.432969359593983416e-01 -5.110153950165486902e-01 -8.844515145597299233e-01 -9.169763625675441121e-01 9.656879965763873197e-02 7.181396899926019428e-02 6.194779476135381380e-02 -9.387014620229015838e-02 -3.398613291178327334e-01 1.474448962173970437e-02 0.000000000000000000e+00
-1.236678530926296204e+00 8.361500530060378411e-01 -1.083910377553311655e+00 -1.137222466226946560e+00 1.805919882379903862e-01 6.109166228187136172e-01 4.748931139546486158e-01 -3.833336438542474522e-01 -2.175625648022584679e-01 5.237007525463944768e-01 0.000000000000000000e+00
-7.004983746074835427e-01 1.593027923678726754e-01 -6.158535444436836759e-01 -6.852967180077902398e-01 9.826315155959007841e-01 4.509002874094056312e-01 6.332108082140586180e-01 9.512077065208468518e-02 4.158823170373800449e-01 1.577434247047288851e+00 0.000000000000000000e+00
2.155756923518519219e+00 -4.304901582203680133e-01 2.393438528152755929e+00 2.258539181177446231e+00 3.213065248819801045e+00 2.574926644330572501e+00 3.449946451912731860e+00 3.123814063193356638e+00 2.168831272227271345e+00 8.998209233880727353e-01 0.000000000000000000e+00
-5.723546894495279425e-01 -1.388582195531199714e-01 -5.909833620255312558e-01 -6.034566357736955711e-01 -1.402238227051731123e-01 -4.406192955853083792e-01 -8.048415813089170312e-01 -1.005238995250044676e+00 6.165777251449879870e-01 -5.718238720480213200e-01 0.000000000000000000e+00
-9.803911606103857812e-01 -1.002872246798623301e+00 -1.056055773244981566e+00 -9.997190927674561856e-01 1.074293175865375538e+00 -4.006152117329810913e-01 -1.504617783700215594e-01 -1.482334972854013055e-01 -2.000302244633155382e-02 -8.674825489109333487e-02 0.000000000000000000e+00
-5.977994881770713753e-02 -3.129668396529697305e-01 -3.389127585891744954e-02 -1.403982293094599154e-01 6.770926480309825690e-01 2.851690828783373099e-01 2.664414831797584648e-01 3.971077627943916388e-01 2.389909807720727586e-02 -1.613752729152360954e-01 1.000000000000000000e+00
1.825281103900634472e+00 -3.004033199071397264e-02 1.692099383960858461e+00 2.032877189723140354e+00 -1.393697026890248658e+00 -7.054082315602336895e-01 -4.341143139181317112e-01 1.585921177281773842e-01 -5.091980797086268495e-01 -1.076302513891224999e+00 0.000000000000000000e+00
-1.492965901242206739e+00 -5.545425500415108733e-01 -1.603697190092696845e+00 -1.338813845259459789e+00 -9.285141010226611868e-01 -1.688746711777907361e+00 -1.408031996437270061e+00 -1.624298097898035254e+00 -1.145778827299947178e+00 -9.001827513542481896e-01 0.000000000000000000e+00
1.090141015362891430e+00 9.558497293246845938e-01 1.224539954499592964e+00 9.045672324516116358e-01 8.756929119481785539e-01 2.508253171243360669e+00 1.100248006279318735e+00 1.655149709325021146e+00 1.353506176790111981e+00 1.677434451199640630e+00 0.000000000000000000e+00
1.526687923652183254e-01 -7.830601139225636942e-01 2.579716194464774098e-02 9.218406321611105625e-02 -1.279883798722317279e+00 -1.273466222263275771e+00 -1.103138503576022389e+00 -9.480293954191270078e-01 -1.073653915011275606e+00 -1.267347680033030777e+00 0.000000000000000000e+00
-1.010740980779375242e+00 2.245935249053164495e-01 -8.794774780760989952e-01 -1.019878230670707708e+00 1.347611581032535089e-01 8.852303406632408000e-01 5.798985240486825843e-02 -7.593877909110721691e-02 -7.098934878162356243e-01 5.938501494890883192e-01 0.000000000000000000e+00
-1.149001272660326922e+00 -4.261374427178718505e-01 -1.173443034258660811e+00 -1.106231552733888401e+00 -2.991040338389303610e-01 -5.892058927510938071e-01 -6.240955470294239360e-01 -9.007816662055331269e-01 -4.195408270810140061e-02 2.863868352296194408e-01 0.000000000000000000e+00
-9.230637225134058488e-01 -1.196568086659706154e+00 -9.600568691109129249e-01 -8.838792704875793049e-01 -1.059895814075575871e+00 -1.060111108384198975e+00 -1.184804047531501592e+00 -1.441853553163615853e+00 -1.158322290306673219e+00 -4.300325378021502276e-01 1.000000000000000000e+00
-1.236678530926296204e+00 3.551749899802031929e-01 -1.254022425293474186e+00 -1.202514002421058770e+00 -6.115175259240587247e-01 -3.987102553590610166e-01 -7.098509647532709188e-01 -7.635924765612429610e-01 8.517676565210916539e-01 2.371330033336857268e-01 0.000000000000000000e+00
5.640774657670755143e-01 2.239900802561074933e+00 4.933565914059130919e-01 6.397904958118929564e-01 -1.408210123099582933e+00 -7.339825771690386969e-01 -6.702715411884183627e-01 -7.137831234746229159e-01 -1.678876005085781387e+00 -1.434512200407110916e+00 0.000000000000000000e+00
-2.722286900006326005e-01 -6.742422263601576260e-01 -2.328527352041366294e-01 -3.471046134816040962e-01 8.756929119481785539e-01 1.080081401037466804e-01 3.390037597153215398e-01 4.995727177154384857e-01 5.256376183462284635e-01 7.593864440153784423e-02 0.000000000000000000e+00
-1.339683981196808371e-01 3.722000431161045508e+00 -2.328527352041366294e-01 -2.700786537318676794e-01 -3.449348639736682931e-01 -4.139499063504235576e-01 -3.114181008670888207e-01 -9.500864570141323573e-02 -4.841111536951759331e-01 -4.598833450118071653e-01 0.000000000000000000e+00
5.370998478390842656e-01 -6.198332825789546474e-01 4.187460441514558873e-01 4.773138619647928627e-01 6.601491290114605559e-02 -6.234951074816595940e-01 -3.615520373825686362e-01 -1.576261181531638245e-01 -5.875947235006613312e-01 -9.360037200058373141e-01 0.000000000000000000e+00
-8.556196776934290593e-01 -1.068162979336067187e+00 -7.402044565344456650e-01 -8.938083981115688692e-01 2.357556419638031642e+00 1.464337078335020470e+00 1.048794755645010346e+00 9.322025273820803148e-01 1.362913774045156678e+00 1.972957442575244968e+00 0.000000000000000000e+00
8.271092405649828061e-01 1.062491259135842192e+00 7.370843791038068638e-01 8.353642217389579683e-01 -2.013315962181563556e-01 -8.139907448736926066e-01 -1.768480607465899579e-01 5.356553893410455347e-02 -4.684318249367690479e-01 -1.047944247042051469e+00 1.000000000000000000e+00
-2.250178586266489145e-01 -2.351125873696936763e-02 -3.223853919094858411e-01 -2.469106892758924920e-01 -4.106257205001256350e-01 -1.173075021357674386e+00 -9.854556841765276243e-01 -7.450918597004984045e-01 -3.022309400976559424e-01 -1.036003924158187983e+00 1.000000000000000000e+00
2.452510720726342255e-02 5.009909593138275330e-01 -1.433200784987881393e-01 -3.448753465357262682e-02 -1.075936604622734105e+00 -1.547970435745195106e+00 -1.429009090926641745e+00 -1.252578011434460015e+00 -1.333930772400830245e+00 -1.140481749391987654e+00 0.000000000000000000e+00
-5.453770715215380260e-01 -7.417093166488490930e-01 -4.616584134511391158e-01 -6.175981205714985434e-01 3.028075352639579276e-01 5.461481061054221930e-01 3.891376962308013554e-01 -2.641405087926781969e-02 -2.740081483325240153e-01 6.117606338148817713e-01 0.000000000000000000e+00
7.529207912630091482e-01 3.660567787364439329e-01 8.266170358091546877e-01 7.120023330772707881e-01 4.097461389116791031e-01 6.147265355665538777e-01 8.311079260383215095e-01 1.040359979798740619e+00 8.956697770446304663e-01 1.783404816793923597e+00 0.000000000000000000e+00
8.372258472879796631e-01 -1.453872928068637993e-01 8.863054736127212729e-01 7.631523844735801365e-01 1.097208590932745143e+00 6.852099214016061923e-01 1.203154507547935514e+00 1.677919699307475865e+00 1.899146817582672897e+00 5.908650687681216152e-01 0.000000000000000000e+00
3.077900954511644249e-01 -1.627981548168491721e-01 2.396807307407589349e-01 2.456342174050389626e-01 -8.765724935366251414e-01 -2.158344434627094965e-01 -7.824132412888340493e-01 -8.694729299796576383e-01 -3.254648545305743185e-02 -2.852561228353125977e-01 0.000000000000000000e+00
-7.106149813304797336e-01 -6.437732178426839313e-01 -5.462170336728574549e-01 -7.575085552731680716e-01 1.654817024238719458e+00 1.616733588248646880e+00 1.663595135019053206e+00 9.322025273820803148e-01 1.290788861756484218e+00 1.983405225098625158e+00 0.000000000000000000e+00
8.709478696979683354e-01 -8.662563352316465792e-02 7.818507074564814419e-01 8.504083545025783453e-01 -8.506016897936076182e-01 -7.320776207951182890e-01 -8.880903022069903674e-01 -3.870337672263960971e-01 -1.083061512266319637e+00 -1.070332352449293811e+00 0.000000000000000000e+00
9.383919145179445698e-01 -1.050752117326081869e+00 8.315910722927862819e-01 9.767790697169894676e-01 -6.245029277955680413e-01 -8.368502213607365015e-01 -1.662935477959626707e-01 -5.800741197992388687e-02 -1.230447202595344791e+00 -1.188243040927439154e+00 0.000000000000000000e+00
5.708218702490729379e-01 2.245935249053164495e-01 5.381229197585877255e-01 4.923579947284132396e-01 -1.249468793269267880e-01 -3.758507788720168996e-01 2.677607972985867058e-01 3.031815541167655614e-01 8.034468160747197663e-02 -5.822716545714002878e-01 0.000000000000000000e+00
-9.196915202724065264e-01 1.660989640729075179e+00 -1.063019424322064310e+00 -8.751536734846795396e-01 -1.484594839990812654e+00 -2.009350869508698789e+00 -1.562655611163960456e+00 -1.823250885369734231e+00 -3.492689263728767091e-01 -1.462870467256284446e+00 0.000000000000000000e+00
7.832706114319984980e-01 -5.741297698027439944e-01 7.818507074564814419e-01 7.210288127354430587e-01 8.145851384351953106e-01 -5.010323893164064096e-02 6.332108082140586180e-01 9.805887560947970094e-01 -7.506597425880934260e-01 -3.300323336497984483e-01 1.000000000000000000e+00
-1.980402406986589148e-01 7.055685879311511810e-01 -2.825931000404414140e-01 -2.454062759995304377e-01 -1.476192521132777324e+00 -7.739866610213657072e-01 -5.924320081775418245e-01 -9.702301356520203202e-01 -1.556577240770207871e+00 -1.294213406521722121e+00 0.000000000000000000e+00
1.093513217603890642e+00 -3.608467101804281318e-01 9.957342762525912550e-01 1.124211570800469184e+00 -4.427073015944423262e-01 -6.482595403426241187e-01 -1.069244124486837949e-01 6.845788863228841059e-01 -1.283756920373927635e+00 -9.166006953195604545e-01 0.000000000000000000e+00
-5.420048692805385926e-01 -5.806588430564878500e-01 -4.119180486148343312e-01 -5.854036764573510299e-01 -2.731332300960336891e-03 7.194991361321719792e-01 7.691001624533857495e-01 1.400268133958922773e-02 5.883549333798561154e-01 4.535513556037005789e-01 0.000000000000000000e+00
5.150272513525462614e-02 -3.521412791754358063e-01 1.584908897738734543e-02 -1.011603957650753643e-02 -1.936931245290342274e-01 -4.310945137157067286e-01 -6.372886882177078993e-01 -3.935801393463521092e-01 4.785996320710076968e-01 -2.942113649982103785e-01 1.000000000000000000e+00
-1.361450013843252371e+00 5.031673170650752258e-01 -1.280882222305079088e+00 -1.247044635401375334e+00 1.036100817419760789e+00 3.156483848610623921e-01 -3.905769479967939328e-01 -6.790588887513794303e-01 9.772022865883469578e-01 1.437135453161901166e+00 0.000000000000000000e+00
-9.466691382003971089e-01 -6.764185841114053188e-01 -1.035662223662096038e+00 -9.281090208126233643e-01 -8.009516238143086220e-01 -1.248892285039703509e+00 -1.193247657892003488e+00 -1.368989585219760441e+00 -1.261805860112158673e+00 -5.360029033964321954e-01 0.000000000000000000e+00
2.283900608676474153e+00 -1.258000730456307614e-01 2.358620272767343096e+00 2.499245305395372263e+00 2.782255445553127524e-02 1.125254843777202307e+00 8.667294072466888988e-01 1.583993490629849843e+00 8.661641311083491390e-02 6.938503536414400985e-01 0.000000000000000000e+00
1.032813577265911942e+00 6.337487821399627741e-01 1.239462063950484971e+00 1.012884988349678439e+00 5.548771010050150831e-01 1.372899172386844668e+00 2.006616805914442470e+00 1.592532236873270168e+00 5.820832018764930949e-01 9.028060041090394394e-01 0.000000000000000000e+00
-4.239777908455793498e-01 1.284479749763150380e+00 -4.865285958692915358e-01 -4.581303132771224473e-01 -1.381475472187652320e+00 -9.378129091785138982e-01 -9.603887159187877165e-01 -1.093757331306837832e+00 -1.170865753313398150e+00 -9.345111796453540176e-01 0.000000000000000000e+00
1.373406003606792325e+00 1.841627334082669432e+00 1.423501413844812102e+00 1.434120705731049217e+00 -1.210373706351297818e+00 3.956565525657163573e-01 5.276656787077853572e-01 2.718728178908904614e-01 -5.248774084670337903e-01 -8.345109754930032375e-01 0.000000000000000000e+00
2.169245732482514288e+00 7.186267344386395584e-01 2.174580922873015965e+00 2.120133159752138674e+00 -6.794999239572531158e-01 1.464337078335020470e+00 1.383900541827428610e+00 1.293676118353550342e+00 1.077549990642150401e+00 5.056545827332881160e-02 0.000000000000000000e+00
4.797724097421049438e-01 -2.824978311354959248e-01 3.391614604133685318e-01 3.509431467503816293e-01 -9.399718085563464331e-01 -6.063505001163767005e-01 -1.331907571780870159e+00 -7.821577808935260834e-02 2.389909807720727586e-02 -1.279288002916893152e+00 0.000000000000000000e+00
4.138611841225777604e-02 3.878203562489254130e-01 9.543367271547473218e-02 -4.622195820919645232e-02 9.979084589741460398e-01 4.261358545484414395e-01 3.970535809437717445e-01 8.667388061825224144e-01 5.525775559402110182e-02 4.758037755236425859e-02 0.000000000000000000e+00
1.535271711174736042e+00 1.691458649246548873e+00 1.363812976041246960e+00 1.557482594392736175e+00 7.076465347874741907e-01 3.499375995916282345e-01 1.877324022269256876e+00 1.934082086610092066e+00 4.252899142924240206e-01 7.893729367123408780e-01 0.000000000000000000e+00
7.090821621300247291e-01 1.138663780429526762e+00 6.326296129475671437e-01 6.849228941027540873e-01 -9.078902274620297419e-01 -6.634991913339866043e-01 -3.932155762344505257e-01 -2.128433438606167072e-01 -1.139507095796584268e+00 -1.213616227055648311e+00 0.000000000000000000e+00
1.572365935825722927e+00 -5.615662500569085919e-02 1.433449486812073959e+00 1.765091626530697511e+00 -2.040675578958962788e+00 -1.141262249913205240e+00 -1.275572858906896645e+00 -7.906318396654078429e-01 -7.381162795813676070e-01 -1.510631758791735946e+00 0.000000000000000000e+00
1.201423689315853194e+00 1.440682881091357725e-01 1.338942793623094651e+00 1.292705857753017495e+00 3.333614220204494938e-01 8.071271293325069651e-01 9.590813955646778632e-01 1.148517432215401035e+00 -2.489212223190722939e-01 2.953420773925172216e-01 1.000000000000000000e+00
