   6.9035233e-01
   6.7320590e-01
   6.6297908e-01
   6.5678605e-01
   6.5295716e-01
   6.5051513e-01
   6.4888352e-01
   6.4771802e-01
   6.4680684e-01
   6.4600764e-01
   6.4520559e-01
   6.4431710e-01
   6.4335908e-01
   6.4240312e-01
   6.4144785e-01
   6.4045786e-01
   6.3939659e-01
   6.3822957e-01
   6.3692456e-01
   6.3544929e-01
   6.3376896e-01
   6.3184430e-01
   6.2963021e-01
   6.2707465e-01
   6.2411788e-01
   6.2069303e-01
   6.1673102e-01
   6.1217894e-01
   6.0704084e-01
   6.0136380e-01
   5.9506894e-01
   5.8809729e-01
   5.8050584e-01
   5.7231414e-01
   5.6356146e-01
   5.5431792e-01
   5.4464503e-01
   5.3472130e-01
   5.2446503e-01
   5.1462058e-01
   5.0339273e-01
   4.9775586e-01
   4.7820758e-01
   5.5172636e-01
   6.5780135e-01
   5.4752909e-01
   5.8564849e-01
   5.6027228e-01
   6.1006566e-01
   4.8950181e-01
   5.5707739e-01
   4.7586245e-01
   5.7059505e-01
   4.8867561e-01
   5.1788149e-01
   4.7280907e-01
   4.8975069e-01
   4.5137125e-01
   4.7746081e-01
   4.4142962e-01
   4.9325736e-01
   4.4010993e-01
   6.1136138e-01
   4.4497093e-01
   5.1877221e-01
   4.5563886e-01
   5.6855765e-01
   4.3249566e-01
   5.3497972e-01
   4.3795505e-01
   4.8948786e-01
   4.3651555e-01
   4.6315925e-01
   4.2142903e-01
   4.1910662e-01
   4.1486342e-01
   4.1375126e-01
   4.1191057e-01
   4.1263029e-01
   4.0819990e-01
   4.1034480e-01
   4.0705767e-01
   4.1187561e-01
   4.0348697e-01
   4.0590932e-01
   4.0165635e-01
   4.0896134e-01
   4.0065056e-01
   4.0329954e-01
   3.9909970e-01
   4.1351898e-01
   4.1644502e-01
   4.9490414e-01
   4.3450734e-01
   6.5927410e-01
   4.9312774e-01
   6.2226296e-01
   4.5952500e-01
   5.0355934e-01
   5.7770635e-01
   6.0345300e-01
   5.9566840e-01
   6.5825052e-01
   3.9611814e-01
   4.8853028e-01
   4.7769944e-01
   6.5130092e-01
   4.1132944e-01
   4.1945417e-01
   4.0944026e-01
   4.0837957e-01
   4.0766567e-01
   4.0438584e-01
   4.0663756e-01
   4.1122651e-01
   4.0980293e-01
   4.0657330e-01
   4.0561005e-01
   4.0735015e-01
   4.2115061e-01
   4.0996922e-01
   4.1581085e-01
   4.1780464e-01
   4.6100638e-01
   4.0280566e-01
   4.0682888e-01
   3.9961358e-01
   4.0234947e-01
   3.9351008e-01
   3.9945178e-01
   3.8922518e-01
   3.9736768e-01
   4.0195789e-01
   4.0166659e-01
   4.8668270e-01
   4.2791354e-01
   6.6271224e-01
   6.1806129e-01
   6.5809462e-01
   4.0326194e-01
   5.0081068e-01
   4.1817829e-01
   5.4675956e-01
   3.9857557e-01
   6.6225220e-01
   5.2562757e-01
   5.3784433e-01
   4.2951659e-01
   6.6271224e-01
   6.0991956e-01
   6.5283913e-01
   6.9298261e-01
   6.5377285e-01
   5.8852557e-01
   6.6271224e-01
   6.5760363e-01
   4.2982387e-01
   6.5842727e-01
   4.5365929e-01
   6.3532528e-01
   4.2112279e-01
   5.2434465e-01
   4.5289001e-01
   5.5242683e-01
   4.5712184e-01
   6.0003967e-01
   4.2640893e-01
   4.1315349e-01
   4.1693095e-01
   4.3953257e-01
   4.2610460e-01
   4.3695043e-01
   4.0876437e-01
   4.3902392e-01
   3.9868121e-01
   4.0280875e-01
   4.0392734e-01
   4.1173937e-01
   4.3415451e-01
   4.2713870e-01
   4.7166288e-01
   4.4211611e-01
   6.7258668e-01
   6.6048555e-01
   6.0919118e-01
   4.7618900e-01
   6.0869360e-01
   5.3974533e-01
   4.0934345e-01
   4.0728983e-01
   4.0831332e-01
   4.2633892e-01
   4.2963402e-01
   4.1249075e-01
   4.0438535e-01
   4.0154369e-01
   4.0120943e-01
   4.2745526e-01
   4.0639470e-01
   4.0207166e-01
