   6.9531128e-01
   6.8245186e-01
   6.7316872e-01
   6.6645223e-01
   6.6155822e-01
   6.5795587e-01
   6.5527181e-01
   6.5324408e-01
   6.5168802e-01
   6.5047226e-01
   6.4950222e-01
   6.4870898e-01
   6.4804227e-01
   6.4746651e-01
   6.4695857e-01
   6.4650445e-01
   6.4609382e-01
   6.4571600e-01
   6.4535979e-01
   6.4501455e-01
   6.4467069e-01
   6.4431962e-01
   6.4395349e-01
   6.4356498e-01
   6.4314711e-01
   6.4269315e-01
   6.4219641e-01
   6.4165002e-01
   6.4104666e-01
   6.4037823e-01
   6.3963565e-01
   6.3880870e-01
   6.3788597e-01
   6.3685489e-01
   6.3570176e-01
   6.3441182e-01
   6.3296935e-01
   6.3135780e-01
   6.2955990e-01
   6.2755804e-01
   6.2533462e-01
   6.2287282e-01
   6.2015740e-01
   6.1717548e-01
   6.1391686e-01
   6.1037353e-01
   6.0653841e-01
   6.0240395e-01
   5.9796079e-01
   5.9319660e-01
   5.8809418e-01
   5.8262942e-01
   5.7677171e-01
   5.7048768e-01
   5.6374950e-01
   5.5654639e-01
   5.4890061e-01
   5.4087270e-01
   5.3257535e-01
   5.2411367e-01
   5.1570959e-01
   5.0717905e-01
   4.9973950e-01
   4.8937577e-01
   4.9646365e-01
   4.9302277e-01
   6.4443424e-01
   4.8331495e-01
   5.5207812e-01
   5.0853287e-01
   5.6317860e-01
   4.7146294e-01
   5.1486111e-01
   4.5562302e-01
   4.8728049e-01
   4.4729933e-01
   4.4763120e-01
   4.3753224e-01
   4.3340223e-01
   4.2868782e-01
   4.2574296e-01
   4.2058626e-01
   4.2043154e-01
   4.1393235e-01
   4.2056376e-01
   4.0985817e-01
   4.4815764e-01
   6.1775219e-01
   6.0473509e-01
   4.2915511e-01
   5.3600014e-01
   4.9087052e-01
   5.4007178e-01
   4.6057487e-01
   6.5771314e-01
   4.3836000e-01
   4.9290690e-01
   5.3797332e-01
   5.1709807e-01
   4.3880633e-01
   4.3915515e-01
   4.2537768e-01
   4.2167903e-01
   4.1944721e-01
   4.1749603e-01
   4.1369804e-01
   4.1192686e-01
   4.0968257e-01
   4.1022017e-01
   4.0645947e-01
   4.0479121e-01
   4.0771623e-01
   4.0387522e-01
   4.0636699e-01
   4.0106919e-01
   4.0248941e-01
   3.9819243e-01
   3.9664752e-01
   3.9944444e-01
   4.3833459e-01
   4.1051418e-01
   5.7280067e-01
   4.0568313e-01
   6.5325674e-01
   4.6569882e-01
   5.8889306e-01
   4.1797631e-01
   4.2442499e-01
   4.4051793e-01
   4.3780469e-01
   4.4353344e-01
   4.3831751e-01
   6.4189653e-01
   4.3809658e-01
   4.6017964e-01
   4.3364518e-01
   4.9204640e-01
   4.7120179e-01
   6.0165945e-01
   4.8070027e-01
   5.6536977e-01
   5.1502692e-01
   4.2661844e-01
   4.1464937e-01
   4.1303288e-01
   4.0778058e-01
   4.0871779e-01
   4.0923479e-01
   4.1093457e-01
   4.0480871e-01
   4.0079596e-01
   3.9852667e-01
   3.9691603e-01
   3.9740757e-01
   4.0291880e-01
   4.0819030e-01
   3.9140659e-01
   4.0259095e-01
   4.1575036e-01
   4.0082544e-01
   3.8750916e-01
   3.9133341e-01
   4.0400153e-01
   4.1003638e-01
   3.9122474e-01
   4.3496925e-01
   4.1470555e-01
   5.9333318e-01
   4.0248222e-01
   3.9568891e-01
   3.9795068e-01
   3.9695434e-01
   4.2611129e-01
   4.0729142e-01
   4.8683511e-01
   4.0300381e-01
   5.3503768e-01
   3.9662054e-01
   3.9658397e-01
   3.9800109e-01
   4.1164197e-01
   3.9945693e-01
   3.9597670e-01
   3.9858729e-01
   4.4367766e-01
   5.2260836e-01
   4.0408947e-01
   5.7310170e-01
   3.9618072e-01
   3.9429869e-01
   3.9730392e-01
   3.9264305e-01
   4.0820322e-01
   3.9684328e-01
   3.8944134e-01
   3.8167418e-01
   3.9958362e-01
   4.1467592e-01
   3.9127086e-01
   4.1441929e-01
