   6.9598766e-01
   6.7260435e-01
   6.5968757e-01
   6.5233499e-01
   6.4792955e-01
   6.4508495e-01
   6.4305339e-01
   6.4141894e-01
   6.3994260e-01
   6.3848824e-01
   6.3699492e-01
   6.3546535e-01
   6.3391029e-01
   6.3226045e-01
   6.3042329e-01
   6.2835944e-01
   6.2603874e-01
   6.2342617e-01
   6.2048797e-01
   6.1719284e-01
   6.1351186e-01
   6.0941873e-01
   6.0489045e-01
   5.9990863e-01
   5.9446087e-01
   5.8854129e-01
   5.8214934e-01
   5.7528731e-01
   5.6795893e-01
   5.6017180e-01
   5.5194423e-01
   5.4331773e-01
   5.3438325e-01
   5.2533011e-01
   5.1632254e-01
   5.0732809e-01
   4.9857705e-01
   4.9012677e-01
   4.8209008e-01
   4.7427212e-01
   4.6704900e-01
   4.5968261e-01
   4.5398562e-01
   4.4556459e-01
   4.5602590e-01
   4.3655977e-01
   6.5600180e-01
   4.6743834e-01
   6.5950465e-01
   4.8876610e-01
   6.3347282e-01
   4.7832135e-01
   5.7205652e-01
   4.6522281e-01
   5.9072611e-01
   4.5624720e-01
   5.6816355e-01
   4.3342396e-01
   5.1476790e-01
   4.4173513e-01
   5.4823889e-01
   4.5319004e-01
   5.3062401e-01
   4.3066549e-01
   4.3693406e-01
   4.2671734e-01
   4.2138226e-01
   4.1755997e-01
   4.1462189e-01
   4.1005427e-01
   4.0932550e-01
   4.0537558e-01
   4.0755167e-01
   4.0101187e-01
   4.0098433e-01
   4.0095411e-01
   4.1388706e-01
   4.0431251e-01
   5.1001274e-01
   4.1033543e-01
   6.1048898e-01
   4.5414501e-01
   6.0058317e-01
   4.9310806e-01
   5.9490225e-01
   4.4423232e-01
   6.5422000e-01
   4.2748916e-01
   5.5083647e-01
   6.3455648e-01
   5.1677317e-01
   6.3252432e-01
   4.2763126e-01
   5.6106843e-01
   6.6218494e-01
   4.9939922e-01
   6.5074584e-01
   6.3022198e-01
   6.6271224e-01
   6.5923118e-01
   6.3907359e-01
   6.4014468e-01
   6.6228085e-01
   6.8757345e-01
   6.6267910e-01
   4.5214478e-01
   6.6256975e-01
   4.3432115e-01
   6.6192358e-01
   4.3760031e-01
   6.5038523e-01
   4.2420032e-01
   6.6261007e-01
   8.6662257e-01
   6.2754646e-01
   4.2823837e-01
   6.5907641e-01
   5.6972559e-01
   6.5684397e-01
   4.5755905e-01
   4.8675729e-01
   6.4883095e-01
   5.0959142e-01
   6.3206361e-01
   5.0085533e-01
   4.9247712e-01
   4.0876633e-01
   4.0623759e-01
   4.1262353e-01
   4.0355371e-01
   4.0406196e-01
   4.0248955e-01
   4.0451613e-01
   3.9976244e-01
   3.9837633e-01
   3.9665814e-01
   3.9466676e-01
   3.9866800e-01
   4.0907843e-01
   4.3839858e-01
   4.1860861e-01
   3.9541517e-01
   3.9396175e-01
   3.8994799e-01
   4.5031092e-01
   6.5458837e-01
   4.3564898e-01
   6.5439415e-01
   4.0973799e-01
   4.9755732e-01
   4.3458679e-01
   4.5925924e-01
   4.5240849e-01
   4.7239447e-01
   5.8870290e-01
   6.5916086e-01
   5.8060990e-01
   4.6508558e-01
   4.3546169e-01
   4.4341461e-01
   4.1647949e-01
   4.5235587e-01
   4.6246471e-01
   4.1511630e-01
   4.2217545e-01
   4.1844649e-01
   4.1613572e-01
   4.4036885e-01
   4.3093799e-01
   4.0836697e-01
   4.1448094e-01
   4.1182323e-01
   4.0888247e-01
   4.1324335e-01
   4.0594654e-01
   4.1018027e-01
   4.0199738e-01
   3.9995774e-01
   4.2102758e-01
   8.8461845e-01
   6.3551955e-01
   6.4534595e-01
   3.9404328e-01
   4.9295754e-01
   4.2293479e-01
   4.1687009e-01
   4.2875835e-01
   4.2065494e-01
   4.1058859e-01
   4.2008222e-01
   5.1406854e-01
   4.3942777e-01
   4.1159179e-01
   4.1411730e-01
   5.3385450e-01
   5.9810381e-01
   4.4543219e-01
   4.0915854e-01
   4.2118702e-01
   4.1057263e-01
