   7.1303073e-01
   6.9235904e-01
   6.7878160e-01
   6.6965660e-01
   6.6337630e-01
   6.5895075e-01
   6.5575661e-01
   6.5339235e-01
   6.5159481e-01
   6.5018956e-01
   6.4905950e-01
   6.4812356e-01
   6.4732309e-01
   6.4661451e-01
   6.4596589e-01
   6.4535442e-01
   6.4476368e-01
   6.4418098e-01
   6.4359551e-01
   6.4299746e-01
   6.4237770e-01
   6.4172765e-01
   6.4103901e-01
   6.4030340e-01
   6.3951204e-01
   6.3865547e-01
   6.3772346e-01
   6.3670484e-01
   6.3558735e-01
   6.3435740e-01
   6.3299989e-01
   6.3149794e-01
   6.2983276e-01
   6.2798360e-01
   6.2592779e-01
   6.2364097e-01
   6.2109735e-01
   6.1827051e-01
   6.1513564e-01
   6.1167407e-01
   6.0787805e-01
   6.0374851e-01
   5.9928116e-01
   5.9445600e-01
   5.8925006e-01
   5.8365741e-01
   5.7769192e-01
   5.7137901e-01
   5.6474940e-01
   5.5783911e-01
   5.5069300e-01
   5.4336547e-01
   5.3591256e-01
   5.2839034e-01
   5.2084451e-01
   5.1333768e-01
   5.0587135e-01
   4.9861372e-01
   4.9121349e-01
   4.8493237e-01
   4.7613117e-01
   4.7994967e-01
   4.7271616e-01
   6.1201586e-01
   6.2156041e-01
   5.2428788e-01
   4.8365171e-01
   5.0964709e-01
   4.5677799e-01
   4.8230703e-01
   4.5820576e-01
   5.2782839e-01
   4.8095141e-01
   5.7620287e-01
   4.5833474e-01
   5.2834405e-01
   4.4617699e-01
   4.5133151e-01
   4.3486244e-01
   4.3146696e-01
   4.2756232e-01
   4.2495614e-01
   4.2086209e-01
   4.1927621e-01
   4.1469394e-01
   4.1595707e-01
   4.0975448e-01
   4.1384507e-01
   4.0605823e-01
   4.1113412e-01
   4.0183304e-01
   4.0485283e-01
   3.9921584e-01
   4.1345116e-01
   4.0739995e-01
   4.6098368e-01
   5.3860842e-01
   6.6095105e-01
   5.5756638e-01
   4.2141291e-01
   4.3419027e-01
   4.5249441e-01
   5.5293542e-01
   4.0616310e-01
   4.1045242e-01
   4.0602560e-01
   4.0989974e-01
   4.0577330e-01
   4.0963677e-01
   4.0334830e-01
   4.0328546e-01
   3.9796420e-01
   3.9658800e-01
   3.9720114e-01
   3.9297891e-01
   3.9344544e-01
   3.9417755e-01
   3.9023037e-01
   3.8942788e-01
   3.9141076e-01
   4.0483051e-01
   4.2000643e-01
   4.4748783e-01
   4.0106197e-01
   5.2914760e-01
   4.5310101e-01
   6.5761703e-01
   4.2907982e-01
   5.1706409e-01
   5.4086494e-01
   6.2387791e-01
   4.4591852e-01
   4.8676647e-01
   4.4416599e-01
   5.2064901e-01
   4.1957001e-01
   4.2105699e-01
   4.1867666e-01
   4.1997199e-01
   4.1669269e-01
   4.1808240e-01
   4.1363913e-01
   4.1488808e-01
   4.1163937e-01
   4.1198220e-01
   4.0937883e-01
   4.0719134e-01
   4.0663939e-01
   4.1488114e-01
   4.1478068e-01
   4.2940468e-01
   4.1834417e-01
   5.4558000e-01
   4.1015043e-01
   5.3824028e-01
   4.2241741e-01
   4.0926662e-01
   4.0181524e-01
   4.0000390e-01
   4.0184709e-01
   4.0451229e-01
   3.9685085e-01
   3.9997175e-01
   3.9596843e-01
   3.9990867e-01
   4.0192218e-01
   4.0181787e-01
   4.1341717e-01
   4.1768023e-01
   4.7680541e-01
   3.9514072e-01
   3.9892213e-01
   4.0564891e-01
   3.9959923e-01
   4.1127739e-01
   3.9891776e-01
   4.0081006e-01
   3.9867498e-01
   3.9318466e-01
   3.9007435e-01
   3.9008293e-01
   3.8774626e-01
   3.8791029e-01
   3.8741392e-01
   3.8389960e-01
   3.8981214e-01
   3.9283498e-01
   3.9041497e-01
   3.8097491e-01
   4.1436030e-01
   4.5504517e-01
   6.6271217e-01
   6.8590550e-01
   6.2033220e-01
   4.1785316e-01
   6.5864996e-01
   4.0676153e-01
   6.4375086e-01
   4.6540244e-01
   5.0595530e-01
