   6.9120402e-01
   6.7415930e-01
   6.6328729e-01
   6.5626277e-01
   6.5159947e-01
   6.4835889e-01
   6.4597132e-01
   6.4406963e-01
   6.4240602e-01
   6.4081120e-01
   6.3916492e-01
   6.3737318e-01
   6.3535310e-01
   6.3302473e-01
   6.3030671e-01
   6.2711939e-01
   6.2341237e-01
   6.1916443e-01
   6.1434831e-01
   6.0898902e-01
   6.0308656e-01
   5.9666886e-01
   5.8975448e-01
   5.8246971e-01
   5.7475305e-01
   5.6707478e-01
   5.5847906e-01
   5.5203800e-01
   5.3960234e-01
   5.5079347e-01
   5.3539849e-01
   6.0028594e-01
   5.8201735e-01
   5.4011164e-01
   5.3239947e-01
   5.0546214e-01
   5.0469614e-01
   4.8539298e-01
   4.9557016e-01
   4.6825607e-01
   5.2433501e-01
   5.5902965e-01
   5.2997332e-01
   4.7197109e-01
   5.9712425e-01
   4.8836367e-01
   6.0394157e-01
   4.5575353e-01
   5.2237790e-01
   4.6118662e-01
   5.0635198e-01
   4.5023786e-01
   4.7081717e-01
   4.4162254e-01
   4.3408371e-01
   4.3165135e-01
   4.2858682e-01
   4.2563709e-01
   4.2285859e-01
   4.2053293e-01
   4.1888735e-01
   4.1550226e-01
   4.1689176e-01
   4.1301515e-01
   4.4423524e-01
   4.2396879e-01
   6.1866947e-01
   4.1638893e-01
   5.1731463e-01
   4.2142353e-01
   4.1809275e-01
   4.8651088e-01
   4.3645154e-01
   5.0358633e-01
   4.3947359e-01
   4.6183043e-01
   4.3065705e-01
   4.6728336e-01
   4.1372826e-01
   5.8485967e-01
   4.1964512e-01
   5.4746975e-01
   4.4481494e-01
   5.5288431e-01
   4.0849247e-01
   4.2749648e-01
   4.0359746e-01
   4.0675655e-01
   4.0586975e-01
   4.0416441e-01
   4.0402789e-01
   4.0000490e-01
   4.0085658e-01
   4.0034258e-01
   3.9947713e-01
   3.9580987e-01
   3.9929887e-01
   3.9420622e-01
   3.9362040e-01
   3.9417809e-01
   3.9768264e-01
   3.9614847e-01
   4.1045071e-01
   4.3055196e-01
   4.2043557e-01
   5.8915001e-01
   4.0619860e-01
   4.0082537e-01
   4.0199730e-01
   4.2695167e-01
   4.1089679e-01
   3.9238715e-01
   3.8977465e-01
   3.9512672e-01
   4.0076011e-01
   3.9580368e-01
   3.9754570e-01
   3.9599390e-01
   3.9853391e-01
   3.9325905e-01
   3.9582966e-01
   4.0793516e-01
   3.9077012e-01
   6.1413339e-01
   4.0951921e-01
   4.1498759e-01
   3.9684738e-01
   5.4743849e-01
   4.1115895e-01
   5.8386526e-01
   8.6175449e-01
   5.3821636e-01
   6.1561510e-01
   6.4643880e-01
   6.4634817e-01
   6.4619799e-01
   6.4605584e-01
   6.4584696e-01
   6.4557617e-01
   6.4516269e-01
   6.4448363e-01
   6.4313627e-01
   6.3969277e-01
   6.2735224e-01
   6.0399884e-01
   6.6269570e-01
   6.3840917e-01
   6.3222731e-01
   6.6267937e-01
   4.8386717e-01
   6.6254469e-01
   6.2517775e-01
   6.4290897e-01
   4.9895278e-01
   6.1803230e-01
   4.5512580e-01
   5.4861813e-01
   4.9271234e-01
   4.9573122e-01
   6.4740205e-01
   5.8589151e-01
   6.2914833e-01
   4.3870390e-01
   4.6502643e-01
   4.8085060e-01
   4.6448260e-01
   5.2678343e-01
   4.4074049e-01
   4.5261971e-01
   4.4681334e-01
   4.4772037e-01
   4.4905665e-01
   4.8283593e-01
   5.0273651e-01
   4.5050969e-01
   4.7657120e-01
   4.8569029e-01
   4.4655206e-01
   4.3246302e-01
   4.2866760e-01
   4.2009743e-01
   4.2449896e-01
   4.7586463e-01
   4.4747121e-01
   4.1736624e-01
   4.1644652e-01
   4.1511385e-01
   4.4214680e-01
   4.2731636e-01
   4.1941351e-01
   4.6309192e-01
   4.2917423e-01
   4.2288461e-01
   4.0978630e-01
   4.0838527e-01
   4.0436994e-01
   4.0863078e-01
   4.0578877e-01
   4.0354976e-01
   4.0916907e-01
