   7.0239167e-01
   6.8275603e-01
   6.7010589e-01
   6.6179297e-01
   6.5616440e-01
   6.5218053e-01
   6.4919591e-01
   6.4686065e-01
   6.4500282e-01
   6.4345479e-01
   6.4206378e-01
   6.4072108e-01
   6.3934726e-01
   6.3787945e-01
   6.3626385e-01
   6.3445126e-01
   6.3239376e-01
   6.3004163e-01
   6.2734115e-01
   6.2423365e-01
   6.2065587e-01
   6.1654115e-01
   6.1182227e-01
   6.0643661e-01
   6.0033414e-01
   5.9348720e-01
   5.8590008e-01
   5.7761645e-01
   5.6872286e-01
   5.5934598e-01
   5.4963714e-01
   5.3974615e-01
   5.2980802e-01
   5.1994158e-01
   5.1025139e-01
   5.0081792e-01
   4.9172339e-01
   4.8297779e-01
   4.7474304e-01
   4.6666238e-01
   4.5992296e-01
   4.5103473e-01
   4.5179383e-01
   4.3334757e-01
   5.8489721e-01
   7.6079496e-01
   6.5100183e-01
   5.8046296e-01
   5.8341392e-01
   5.6004926e-01
   5.6698425e-01
   5.0047649e-01
   6.2004264e-01
   5.2675060e-01
   5.8851484e-01
   4.9773532e-01
   5.6519861e-01
   4.7242086e-01
   5.5316606e-01
   4.4951665e-01
   4.6534789e-01
   4.4303087e-01
   4.3837326e-01
   4.3369592e-01
   4.3028126e-01
   4.2635520e-01
   4.2352710e-01
   4.1991724e-01
   4.1965947e-01
   4.1369214e-01
   4.1976407e-01
   4.1245934e-01
   4.4904357e-01
   4.5567298e-01
   6.0848804e-01
   4.1407268e-01
   4.8641967e-01
   4.7624009e-01
   5.9204066e-01
   4.1867147e-01
   4.7230777e-01
   4.1988235e-01
   4.2206322e-01
   4.1698325e-01
   4.3103272e-01
   4.1921182e-01
   4.4187909e-01
   4.1678304e-01
   4.5817389e-01
   4.0948446e-01
   4.0854623e-01
   4.0732477e-01
   4.0388747e-01
   4.0667494e-01
   4.0126254e-01
   4.0269377e-01
   4.0105135e-01
   4.3363514e-01
   4.0690419e-01
   6.1168939e-01
   4.4843859e-01
   6.4997304e-01
   4.0633011e-01
   4.0337756e-01
   4.0993772e-01
   4.0550280e-01
   3.9928449e-01
   4.0017105e-01
   3.9926000e-01
   3.9901778e-01
   3.9855736e-01
   4.0228227e-01
   3.9545065e-01
   3.9672831e-01
   3.9293876e-01
   3.9554702e-01
   3.9253457e-01
   4.0167409e-01
   3.9418621e-01
   4.3162605e-01
   4.1190042e-01
   5.0078902e-01
   4.0893266e-01
   6.6122078e-01
   4.1890142e-01
   4.8121837e-01
   6.2789607e-01
   5.3864113e-01
   6.6271193e-01
   4.7430996e-01
   6.5870055e-01
   4.2181978e-01
   4.8851217e-01
   4.3870899e-01
   6.0412939e-01
   4.0943191e-01
   4.0437323e-01
   4.0661754e-01
   4.0416139e-01
   4.0507248e-01
   4.0252588e-01
   4.0563367e-01
   3.9908449e-01
   4.0658349e-01
   4.0452920e-01
   4.0861920e-01
   4.5833670e-01
   4.0802690e-01
   4.7049594e-01
   4.0506887e-01
   5.0099830e-01
   4.2200290e-01
   6.6259583e-01
   4.1008221e-01
   6.2871961e-01
   4.1913642e-01
   4.8869373e-01
   4.3888481e-01
   4.8693582e-01
   4.0591467e-01
   5.8204481e-01
   4.0212569e-01
   4.0728360e-01
   4.1213377e-01
   4.0509598e-01
   4.0295612e-01
   4.0500573e-01
   4.0158650e-01
   4.0000651e-01
   4.0062128e-01
   3.9914337e-01
   4.0462107e-01
   4.0014176e-01
   4.2444660e-01
   4.3068628e-01
   4.2872468e-01
   6.6270767e-01
   4.1407926e-01
   5.5052172e-01
   4.0528147e-01
   6.2128300e-01
   3.9954533e-01
   4.5675016e-01
   4.3422745e-01
   4.2924934e-01
   4.2409326e-01
   4.0264217e-01
   4.0211686e-01
   3.9875772e-01
   3.8972459e-01
   4.1627398e-01
   3.8566896e-01
   4.2014482e-01
   4.0135518e-01
   6.6271217e-01
   3.9783626e-01
   3.9434850e-01
   4.0751549e-01
   3.8641428e-01
   3.8826135e-01
