   1.0000000e+00   7.8030303e-01   7.2727273e-01
   2.0000000e+00   7.8030303e-01   7.2727273e-01
   3.0000000e+00   7.8030303e-01   7.2727273e-01
   4.0000000e+00   7.8030303e-01   6.5151515e-01
   5.0000000e+00   7.9545455e-01   7.2727273e-01
   6.0000000e+00   7.8787879e-01   6.6666667e-01
   7.0000000e+00   8.1818182e-01   7.1212121e-01
   8.0000000e+00   7.9545455e-01   6.8181818e-01
   9.0000000e+00   8.1060606e-01   6.5151515e-01
   1.0000000e+01   8.1060606e-01   6.5151515e-01
   1.1000000e+01   8.0303030e-01   6.3636364e-01
   1.2000000e+01   7.9545455e-01   6.3636364e-01
   1.3000000e+01   8.0303030e-01   6.5151515e-01
   1.4000000e+01   8.0303030e-01   6.5151515e-01
   1.5000000e+01   8.4848485e-01   6.3636364e-01
   1.6000000e+01   8.0303030e-01   6.6666667e-01
   1.7000000e+01   8.4090909e-01   6.2121212e-01
   1.8000000e+01   8.1818182e-01   6.3636364e-01
   1.9000000e+01   8.4848485e-01   6.3636364e-01
   2.0000000e+01   8.1060606e-01   6.3636364e-01
