   1.0000000e+00   9.3186813e-01   9.1666667e-01
   2.0000000e+00   9.3186813e-01   9.1666667e-01
   3.0000000e+00   9.4285714e-01   9.4736842e-01
   4.0000000e+00   9.5604396e-01   9.4736842e-01
   5.0000000e+00   9.6043956e-01   9.4736842e-01
   6.0000000e+00   9.6703297e-01   9.4736842e-01
   7.0000000e+00   9.6043956e-01   9.4298246e-01
   8.0000000e+00   9.5604396e-01   9.3859649e-01
   9.0000000e+00   9.6703297e-01   9.3859649e-01
   1.0000000e+01   9.6043956e-01   9.4298246e-01
   1.1000000e+01   9.6483516e-01   9.3859649e-01
   1.2000000e+01   9.6043956e-01   9.5175439e-01
   1.3000000e+01   9.6263736e-01   9.3859649e-01
   1.4000000e+01   9.6923077e-01   9.5175439e-01
   1.5000000e+01   9.6483516e-01   9.4736842e-01
   1.6000000e+01   9.6483516e-01   9.4736842e-01
   1.7000000e+01   9.6703297e-01   9.4736842e-01
   1.8000000e+01   9.6043956e-01   9.4736842e-01
   1.9000000e+01   9.7142857e-01   9.5175439e-01
   2.0000000e+01   9.6483516e-01   9.5175439e-01
