1.659642102989848378e-01 1.179890824110824132e+00 8.943937725756996582e-02 1.049528062108696924e-01 -6.099987093856510390e-01 -8.514448517659121141e-01 -7.181607337928089807e-01 -5.150374799948118643e-01 -2.283694731911992681e-01 4.252338807051240371e-02 0.000000000000000000e+00
-1.962208000658880014e+00 -5.015038811892426063e-01 -1.810026333270106091e+00 -1.718501113920658074e+00 3.097208749523038485e+00 2.700385902783942971e+00 1.125621774477642445e+00 4.848684693240365995e-01 2.305910069432719478e+00 4.663870365025408304e+00 0.000000000000000000e+00
4.755165318928563645e-01 -6.808215990675045015e-01 4.177538412515823807e-01 3.929125096612146595e-01 -9.230206372330134190e-01 -4.554836861172592566e-01 -5.418351475350172697e-01 2.026570499406653639e-02 -7.061434853252169797e-01 -7.243140170765032249e-01 0.000000000000000000e+00
-1.626859652265519207e+00 3.508374791152231165e-01 -1.505978590527825345e+00 -1.457301302104082597e+00 1.236207735704141664e+00 1.827695373518504640e+00 9.298587220182042978e-01 -8.564063942152268238e-02 3.428820630559961113e-01 2.630260921340478397e+00 0.000000000000000000e+00
-5.337530166371616813e-01 3.298782653372444584e-01 -5.671895507304541839e-01 -5.649170897953367243e-01 -1.457182434504881385e+00 -9.184233573980224996e-01 -8.461703326350799026e-01 -1.003014669114053570e+00 -2.906878225999840470e-01 -1.305538834758605660e+00 0.000000000000000000e+00
-4.434669228389493956e-01 -4.316398352626469315e-01 -3.578296026763019277e-01 -5.180872794362404443e-01 1.111621893774843883e+00 1.090931811565289733e+00 1.648555879391238876e-01 4.156109143928609639e-01 8.068075530991724031e-01 1.428521030235525568e+00 1.000000000000000000e+00
-2.757927486422692698e-01 -2.686237281005908195e-01 -2.674241705620084564e-01 -2.103485256478918042e-01 7.300777528663668914e-01 -2.209335555654495797e-02 -1.086573293268993379e-01 9.529472283617362871e-02 2.217074947611364644e-01 3.845887885595194317e-02 0.000000000000000000e+00
3.562099079452181738e-01 -5.317783010907671803e-01 3.083156865869111085e-01 3.405561999429700948e-01 -6.481531234764991156e-01 -7.923461703258146693e-01 -1.572509948310151784e-01 -3.199620336053337066e-01 -8.100074010065252406e-01 -8.164428926065334657e-01 0.000000000000000000e+00
-1.826778859961561308e+00 -8.927425383781776302e-01 -1.793372701038525419e+00 -1.559977842829306516e+00 6.366383714193925014e-01 9.413405127564695996e-02 -5.348931953201435663e-01 -1.055534981603528433e+00 1.281119434710479288e+00 2.028713557585575700e+00 0.000000000000000000e+00
-4.434669228389493956e-01 -1.083704263910872267e+00 -4.101695896898397975e-01 -4.936543349010594217e-01 9.936192809929211833e-02 1.788421613397865872e-01 -3.460720950755795111e-01 -3.139019975488557823e-01 2.320938863292671128e-01 2.891036137538287587e-01 0.000000000000000000e+00
-8.110603047316711223e-01 6.209784566980592890e-01 -9.554570907581553252e-01 -8.089556667598212236e-01 -6.894221836155794980e-01 -1.881534869266810350e+00 -1.893016726638031777e+00 -1.714347472886336821e+00 -1.267008630004280878e+00 -1.080635991552943542e+00 0.000000000000000000e+00
-2.113759658105879513e+00 -2.756101326932497986e-01 -2.080290993485466533e+00 -1.762131372019195119e+00 1.555458955647969876e+00 -4.929128510293209198e-01 -7.764731323977479560e-01 -9.149998597223513164e-01 -1.245055575098910211e-01 7.700705374767801148e-01 0.000000000000000000e+00
-1.397919914420052256e+00 -1.684852622724705984e-01 -1.436984971282706747e+00 -1.295578478752171803e+00 -4.347998691725747933e-01 -8.297753352378762770e-01 -1.079281088010538348e+00 -1.035334861415269092e+00 -6.403630053937213740e-01 -1.688310910866155090e-01 0.000000000000000000e+00
-7.755907678823735774e-01 -1.195804301238535122e-01 -8.736163837915320585e-01 -7.682340925345199079e-01 -9.471591441068153427e-01 -1.497393439906177015e+00 -1.496631255168744401e+00 -1.588818154573580888e+00 -1.090439973346057245e+00 -8.367654386793338395e-01 1.000000000000000000e+00
-1.049673552626946949e+00 -8.930601022232899366e-02 -9.135851011473250516e-01 -9.634067804286423620e-01 1.694414641845224112e-01 1.063352426893244607e+00 7.382608408876905060e-01 -5.389759341140080290e-02 6.244949071646325317e-02 1.341811500324908701e+00 1.000000000000000000e+00
-9.844506439578029622e-02 4.626199525977761073e-01 -6.758058378304440672e-02 -1.382131655916438995e-01 3.407469968373085245e-01 7.127002503486663532e-01 1.232038746498817228e-01 -2.584959536039154737e-01 -1.371738078316203126e-02 2.511681944179336434e-01 0.000000000000000000e+00
5.142105720920906453e-01 8.748178235646897338e-01 6.413883312185176822e-01 4.510861871259307931e-01 1.462019574200995375e+00 6.358719644765399304e-01 4.633595331786927174e-01 1.688218486253213468e+00 -1.028121623937272355e+00 1.249682624794878461e+00 1.000000000000000000e+00
-9.948569956780323187e-01 -6.435607745733201712e-01 -1.005893805516655748e+00 -9.727145688229970055e-01 -4.052107317143670562e-01 -6.445994667255712240e-01 -9.225318069986903069e-01 -8.659424249794351880e-01 -1.798996458732550485e-01 1.197490631471554851e-01 0.000000000000000000e+00
-8.497543449309054031e-01 -1.365489249148140294e+00 -8.079534909927298392e-01 -8.563672138935647382e-01 1.049328972810193994e+00 3.561382056600784773e-01 1.204270937639325550e-01 2.401715588617203342e-02 7.825726394402002795e-01 6.318772241817357527e-01 0.000000000000000000e+00
3.723324246948991889e-01 -1.260693180258247281e+00 2.750084221237509841e-01 2.911085740979613701e-01 2.083745397874282590e-01 -7.253676646937041728e-01 -2.030678794491814765e-01 -5.043471566484175606e-02 1.213057096025381143e-01 -1.200569805118937433e-01 0.000000000000000000e+00
7.367013032376847903e-01 6.023480444509675680e-01 7.032446795072451184e-01 6.256072195200792496e-01 -9.530344991523599651e-02 2.379408427798840597e-01 1.307500922507332852e+00 7.647844205042048094e-01 9.383685129621626153e-01 -2.555406209972323484e-01 0.000000000000000000e+00
-1.526900048417498601e+00 -1.478436123396034522e-02 -1.613037654873698878e+00 -1.368877312357714038e+00 -9.479378056188731971e-01 -1.757427638242605727e+00 -1.571882017177975044e+00 -1.770619236267916952e+00 -1.197766019550075223e+00 -3.205727684301940550e-01 0.000000000000000000e+00
-1.839676873361305587e+00 -1.386448462926119785e+00 -1.742935986280025551e+00 -1.584992524139134495e+00 4.964792992489318602e-01 4.566059641082444998e-01 7.738699003171542468e-02 -4.111511475980485497e-01 2.586342641772251039e+00 1.448843576308326053e+00 0.000000000000000000e+00
6.722112362389618401e-01 -1.020826622576936460e+00 7.175192214200274421e-01 6.895982647312670633e-01 7.222911377457855719e-01 3.896274584761337811e-01 1.256130476117268024e+00 1.160129629902998838e+00 3.324956714878645192e-01 -2.975405495476869944e-01 1.000000000000000000e+00
4.755165318928563645e-01 3.694678913623156702e-01 3.035575059493170191e-01 1.544004320558784171e-01 1.329647117151116165e+00 2.832498318839586915e-01 7.160465938000948327e-01 7.820988092369988154e-01 1.537317093391038947e+00 3.256841966848710301e-01 0.000000000000000000e+00
3.132507292240251040e+00 -1.545124530871509472e-01 3.163224069143538486e+00 3.702994757403564208e+00 5.198391446106749303e-01 8.781765583809389986e-01 1.760116206917097692e+00 2.868482651538664996e+00 -4.534079571673671483e-01 -7.202495078619427504e-01 1.000000000000000000e+00
-7.175497075835227667e-01 -2.875717041927915857e-02 -7.946305852074655451e-01 -7.746331970556384894e-01 -9.463804825947575994e-01 -8.199255549978601287e-01 -1.479692891764452511e+00 -1.609306847907387095e+00 -7.061434853252169797e-01 2.084600559285912716e-02 0.000000000000000000e+00
-1.665553692464753377e+00 1.007559510825221327e+00 -1.640159284507986426e+00 -1.452938276294228892e+00 5.264223737580597806e-02 -2.269687845488825573e-01 -7.195491242357837658e-01 -1.234450331842398940e+00 4.167670758020198402e-02 8.608445766019574563e-01 1.000000000000000000e+00
5.400065988915793147e-01 -1.012675817218740802e-02 5.652574410170078112e-01 4.976251290977037334e-01 -1.362185730033791398e+00 -7.922208094863886219e-02 -6.792858013895164415e-01 -5.967036801844897154e-01 -5.676582644168060021e-01 -1.046765081431608957e+00 0.000000000000000000e+00
-1.191551700024137794e+00 2.833022347195142676e-01 -1.144832680134411751e+00 -1.102732737956637843e+00 2.302974007223760999e+00 5.905629753724653819e-01 -6.284044470873303978e-02 9.702616170945276008e-02 1.108012908574965483e+00 1.516585396550995224e+00 0.000000000000000000e+00
-2.750599069718401984e-02 7.048153118099738101e-01 -5.330604187026140306e-02 -8.411164554945781135e-02 -1.653829860004673580e-01 -6.347496864855549648e-01 1.093199702201343299e-01 -6.472039806551387331e-01 -2.156776174340820695e+00 -5.901852129960184490e-01 0.000000000000000000e+00
7.399258065876215262e-01 -2.267053005446335590e-01 6.699374150440836617e-01 7.361372067030399480e-01 -6.925368296638118037e-01 -3.195567188050353891e-01 -4.599201113995077805e-01 -4.293181388063117138e-02 5.644584165094531647e-01 -9.763135883792328773e-01 0.000000000000000000e+00
-1.507553028317881516e+00 -4.738758266637173311e-02 -1.444598060302857423e+00 -1.377894232364745175e+00 4.731194538871877353e-01 6.516316128605658120e-01 1.273690459788062446e-01 -5.710206702308453508e-01 6.648602016680504878e-01 1.290327716940479430e+00 0.000000000000000000e+00
1.839481448915851747e+00 1.033176327664973027e+00 1.802384406791546434e+00 2.015958110926795221e+00 -5.944254791444893993e-01 4.211467552441855999e-01 4.814086089373642019e-01 1.018728788585182343e+00 -7.603573019194774518e-02 1.000731435403060844e-02 0.000000000000000000e+00
-6.620003089641825211e-02 -1.270008386381793919e+00 -1.246787514341770875e-01 -1.417035862395266688e-01 -1.498097557593046081e-01 -8.415950715258958548e-01 -4.682504540573564356e-01 -1.404695370753704375e-01 -4.084002603721337832e-01 -9.329588234239244438e-01 0.000000000000000000e+00
6.593132228392175609e-01 1.452360603224546409e+00 8.555064599102646383e-01 6.692374776186164054e-01 -7.883121956469596459e-01 1.171700009533423348e+00 2.509357954035577598e-01 7.503557632268765820e-01 -1.314298185553117726e-01 -9.431508881967906599e-02 1.000000000000000000e+00
-6.369371238351188014e-01 2.567856536519189437e+00 -5.671895507304541839e-01 -6.748653402036504101e-01 2.784540758726596343e-01 3.364386451800459588e-01 2.051189107853914617e-01 -1.271951723802283718e-01 5.540720249413224607e-01 4.720065284090362856e-01 0.000000000000000000e+00
-6.111410970356295769e-01 -7.343840342778944486e-01 -7.432422343214463156e-01 -6.350163711403197242e-01 -1.894011542769484802e+00 -1.785992000938652735e+00 -1.641579217415306768e+00 -1.729353276454758337e+00 -1.329326979413065546e+00 -1.163281012249000046e+00 0.000000000000000000e+00
1.368703959825172234e+00 -3.594469878051651524e-01 1.507377207260695462e+00 1.495303697617585748e+00 -6.785209224467657618e-01 9.707644926370917471e-01 8.215642674661748357e-01 5.887548017207998585e-01 -7.269162684614782766e-01 -1.457988722041074769e-01 1.000000000000000000e+00
7.109052764381961209e-01 -8.089056832662631091e-01 6.604210537688953719e-01 6.256072195200792496e-01 -7.194360455349292638e-02 -2.289387405968861255e-01 1.287574364217808354e-01 4.588968862248458125e-01 -1.245055575098910211e-01 -5.942497222105779242e-01 0.000000000000000000e+00
6.528642161393453103e-01 -8.461665077604474394e-01 6.604210537688953719e-01 6.983243163509744722e-01 9.558895913632206032e-01 3.423485133240561362e-01 8.243410483521244059e-01 5.137257838786931652e-01 -4.811050013490491550e-01 3.392325607334033544e-01 1.000000000000000000e+00
8.560079271853230365e-01 -6.691775914130717595e-01 7.365519439704052429e-01 8.641192971254154642e-01 -1.753852470599024160e+00 -1.205248957987295366e+00 -6.223617932275520293e-01 -3.214048993330667625e-01 -1.025525026045214123e-02 -1.633409244733124543e+00 0.000000000000000000e+00
-1.435881112948867167e-01 -3.571181862742782709e-01 -1.817769190853097683e-01 -1.696269514225904884e-01 7.145045226252041415e-01 -8.120457308058471879e-01 -1.322599668574699627e-01 3.157646060337492844e-01 -7.061434853252169797e-01 -3.124437500010741053e-01 0.000000000000000000e+00
7.012317663883872454e-01 -1.987596821739950892e-01 6.794537763192731727e-01 6.314245872665509296e-01 -3.701709636717513963e-01 -2.545481692209282665e-01 3.606186403985618960e-01 6.320407735527846516e-01 5.229128502369296827e-01 -7.947655101288791935e-01 1.000000000000000000e+00
-7.820397745822457169e-01 7.467337393659310152e-01 -8.384058470733338764e-01 -7.571810938162236715e-01 -2.522391383000570017e-02 -9.678692542029040391e-01 -5.112905577895732190e-01 -6.599011990591874266e-01 -9.831139271420380465e-01 2.200069571063065776e-01 1.000000000000000000e+00
1.452541046923512935e+00 -1.475260484944919681e-01 1.502619026623099874e+00 1.469125542758463521e+00 2.784540758726596343e-01 9.569748003010689619e-01 1.172827049538783140e+00 1.780561892828114612e+00 -3.703168246223201843e-01 -2.189600380661901047e-01 1.000000000000000000e+00
-9.368159353791815080e-01 1.761773642987342348e-01 -1.030160526768387319e+00 -9.081417868371619573e-01 -1.238378549616551361e+00 -1.585056484042321356e+00 -1.061093173207569240e+00 -1.029851971649884179e+00 -1.052356537596243591e+00 -1.199861595180041318e+00 0.000000000000000000e+00
1.562907002491759900e-01 -4.362974383244198617e-01 1.037139191703529695e-01 4.299783971094712359e-02 6.821546761696765937e-02 -3.234966309010419705e-01 -5.584958328507142467e-01 -4.551585522938060395e-03 2.113211031930048722e-01 -3.151534228107807367e-01 0.000000000000000000e+00
-6.942453424635491865e-02 -2.569797204461580775e-01 -1.389532933469600773e-01 -1.114532739578743270e-01 -1.809562162416290532e-01 -6.780887195416263058e-01 -6.751206300605921973e-01 -1.335437815822527463e-01 -6.299766138255907810e-01 -6.497980148095667818e-01 0.000000000000000000e+00
-1.136735143075223053e+00 -6.784927975366176200e-01 -1.165768674939826832e+00 -1.097787975372136682e+00 2.550942305109154540e-01 -6.603591151095971057e-01 -6.626251160738194645e-01 -6.858727821583782136e-01 -9.069470556424127361e-01 3.283938694945767178e-01 1.000000000000000000e+00
7.890261985070867734e-02 1.280029289938944492e+00 7.992301598238106541e-02 1.362013259126539783e-02 -2.144386612601280329e-01 -3.037970704210095074e-01 1.315342173077303778e-01 -1.577839258081640550e-01 -7.546133126431603388e-01 -5.224433927533491673e-01 1.000000000000000000e+00
3.053506960166674916e-02 1.854925704222800953e-01 1.608120868214856503e-01 1.042058033070594400e-02 -7.657310117972744301e-01 1.055472602701231333e+00 7.396492313306655131e-01 3.405818965507538820e-01 -8.134695315292351792e-01 1.446133903498620255e+00 0.000000000000000000e+00
-2.628947352425237693e-01 -5.434223087451999223e-01 -4.054114090522457081e-01 -3.470566676899747294e-01 -2.161092441405418896e+00 -1.491286576157366817e+00 -1.719329082221892291e+00 -1.885182775049903281e+00 -2.941499531226948738e-01 -1.323151708021699458e+00 0.000000000000000000e+00
9.946615712325778125e-01 -3.012269495330022195e-01 1.055350046689229382e+00 9.979187552942626604e-01 4.497596085254446652e-01 3.462884254200622181e-01 8.118455343653515621e-01 6.839839397511666697e-01 -2.872256920772741640e-01 -1.078634528682133054e-01 1.000000000000000000e+00
-6.595086472846714010e-01 3.298782653372444584e-01 -5.624313700928600390e-01 -7.144234408796574787e-01 1.212847890342398705e+00 7.914984922687963165e-01 5.924798443753432897e-01 -9.227782176909390954e-02 -4.291730435083950246e-01 1.058650691710552039e+00 0.000000000000000000e+00
7.689463367370468205e-01 -5.294494995598802989e-01 7.080028601448391523e-01 6.895982647312670633e-01 7.600208273754904820e-02 -3.116768946130221707e-01 -2.669338398260193146e-01 1.706123138238271886e-01 -4.464836961219463829e-01 -1.539278906332283980e-01 0.000000000000000000e+00
-7.368967276831392965e-01 1.883188886438552645e+00 -5.814640926432371737e-01 -7.563084886542530416e-01 1.616548490639421187e-01 1.218978954685500993e+00 1.314442874722206556e+00 1.700351675327338719e-01 6.821708542816018461e-01 1.152134403645435068e+00 0.000000000000000000e+00
8.463344171355141610e-01 1.331262923618447447e+00 7.413101246079992768e-01 8.263064067733499884e-01 -3.834082093767396393e-01 -8.553847638619184179e-01 -2.266705169797521291e-01 2.744986462205904476e-01 -6.195902222574601881e-01 -1.041345735812195583e+00 0.000000000000000000e+00
1.949847404484102154e-01 8.468722051940521522e-01 1.465375449087026327e-01 -1.953886356362274229e-02 -3.156646578276838810e-01 4.881252608762962630e-01 7.965732394926295923e-01 2.534328065956913401e-01 4.571323703054349652e-01 -1.457988722041074769e-01 0.000000000000000000e+00
1.949847404484102154e-01 1.969354543081353270e+00 8.550306418465387914e-03 2.176444743632552706e-02 -1.282762255803864049e+00 -1.072079929142275789e+00 -1.363206933598872128e+00 -9.354885530561573015e-01 -1.135447670141290555e+00 -1.129410102127665239e+00 1.000000000000000000e+00
-5.563245400867148360e-01 -1.265350783320020156e+00 -6.385622602943699100e-01 -6.047660588586674102e-01 -4.706182987272483076e-01 -1.113449006150343923e+00 -1.216870580909334754e+00 -1.259556195504950127e+00 -1.418162101234423933e-01 -8.286364202502138898e-01 0.000000000000000000e+00
1.591194690970767711e+00 1.137972396554866927e+00 1.664397168301309016e+00 1.533116587969651334e+00 1.430873113718670986e+00 1.209129174445484622e+00 2.743096640543211340e+00 2.764596319141901848e+00 2.053174541274870535e+00 -6.145722682833792971e-01 0.000000000000000000e+00
1.774991381917128797e+00 2.640049383976670327e+00 1.959404367832161320e+00 2.117762046490048622e+00 1.010395897207288174e+00 9.451550640130496062e-01 1.910062374758368930e+00 1.841162253392893078e+00 -4.568700876900770314e-01 5.200724290448618253e-02 0.000000000000000000e+00
7.399258065876215262e-01 -4.828734689421500526e-01 6.937283182320554964e-01 7.506806260692190369e-01 -4.830768829201787518e-01 -7.706766537977788323e-01 -5.916436546768902467e-03 -3.889178984297922415e-02 -1.076591451255215715e+00 -7.730881276512250322e-01 0.000000000000000000e+00
-8.981218951799472272e-01 6.349512658833789125e-01 -7.775011349121258020e-01 -9.290843107244599608e-01 1.142768354257168273e+00 1.268227855885582178e+00 1.745743210399471335e-01 1.804238007724102144e-01 5.125264586687989787e-01 1.618198126914999202e+00 0.000000000000000000e+00
-1.081185744455879921e-01 1.550170267521780554e+00 -2.674241705620084564e-01 -1.792256082042688603e-01 -1.028139941360859400e+00 -1.581313567551115407e+00 -1.311975326253104202e+00 -1.088432320195836800e+00 -4.776428708263392720e-01 -1.232377668896522227e+00 0.000000000000000000e+00
1.562907002491759900e-01 -2.830305412075760696e+00 3.416229510500718991e-01 7.004859973204000112e-02 1.220634505462980135e+00 2.576278671759738792e+00 1.940606964503812870e+00 1.693989949164145026e+00 1.689650836390291566e+00 2.126261778735019092e+00 0.000000000000000000e+00
8.979264707344927210e-01 -1.908100005844699520e+00 9.268791694741803644e-01 9.310190262098391178e-01 -1.887428313622104281e-01 -2.762176857489637705e-01 5.230603222266063668e-01 4.588968862248458125e-01 -4.222487824629743147e-01 -5.671529941135103892e-01 1.000000000000000000e+00
-1.223796733523499158e+00 -3.967078122993494826e-01 -1.209543936805695274e+00 -1.160615547034030248e+00 1.259567581065885955e+00 3.482583814680658141e-01 -9.255862659732349007e-01 -8.238107457296366398e-01 9.175957298259004302e-01 1.557230488696597970e+00 1.000000000000000000e+00
-4.789364596882469405e-01 1.645333566443014650e-01 -6.147713571063979643e-01 -5.209959633094762843e-01 -1.609021429356214616e+00 -1.578555629083910672e+00 -1.767922747726008215e+00 -1.591992459174593089e+00 -1.395107459344561152e+00 -8.191525654162401526e-01 0.000000000000000000e+00
-9.561629554787985930e-01 1.165918014925504620e+00 -8.988347411707823253e-01 -9.253030216892534909e-01 8.702368250368275326e-01 2.497605790679033322e-01 4.961918117222064578e-02 -4.258683780209233105e-01 1.288043695755900053e+00 1.050521673281431090e+00 1.000000000000000000e+00
-6.982026874839056818e-01 -1.926730418091791686e+00 -6.242877183815868092e-01 -7.926670370697006529e-01 3.563202270784712744e-01 1.313536844989656727e+00 6.577341951951557464e-01 2.643985861264605552e-01 2.042788149706738832e+00 9.895540350630279702e-01 0.000000000000000000e+00
-1.177920844953968399e-01 -1.428366890482076990e+00 1.806666769365428138e-02 -1.867881862746816890e-01 1.236207735704141664e+00 1.591300647758114639e+00 8.687695425273156413e-01 1.491988747281549177e+00 3.839633890993369825e+00 1.505746705312168698e+00 0.000000000000000000e+00
-7.111007008836500720e-01 6.372800674142650168e-01 -6.290458990191809541e-01 -7.112238886190980214e-01 4.263997631637015950e-01 4.506960959642343223e-01 1.107083606631092954e-01 -2.561742514783716188e-02 -1.717951130587288405e-02 3.229745238751633996e-01 0.000000000000000000e+00
-1.564861246946310791e-01 3.368646699299042702e-01 -1.341951127093659879e-01 -2.257645501760417728e-01 1.321860502030534734e+00 5.473493031558197830e-02 1.129786945806566578e+00 9.206139190993500865e-01 1.097626517006834890e+00 1.089103719083288485e-01 0.000000000000000000e+00
-2.467722184928438922e-01 -2.197188959519737195e-01 -2.626659899244143115e-01 -3.124433295984687109e-01 -5.157806664266187946e-01 -2.604580373649378888e-01 -3.544024377334277776e-01 -8.142878319266000364e-01 -1.210434269871811380e-01 -8.747008580152290103e-01 0.000000000000000000e+00
-1.297960310572030984e+00 -3.990366138302355314e-01 -1.295191188282394101e+00 -1.215007935463539690e+00 -8.751683479465569016e-02 -4.200244772532008564e-01 -7.500937139812279275e-01 -9.813716831980612287e-01 -7.303783989841891033e-01 1.590393188879034581e-01 0.000000000000000000e+00
5.045370620422817698e-01 5.301551969934849007e-01 6.033228861177634128e-01 3.696430386753282171e-01 -9.276926063053624327e-01 1.421884427629835468e+00 6.993859084843978557e-01 3.235560809635067425e-01 1.312278609414872177e+00 5.607175211904663614e-02 1.000000000000000000e+00
3.691079213449625085e-01 -1.148910706775694290e+00 3.844465767884215901e-01 2.881998902247255856e-01 5.587722202135807503e-01 4.290265794361987628e-01 5.147299795687577673e-01 3.607820167390136112e-01 -8.295999123736752523e-02 -3.422501509078482718e-01 1.000000000000000000e+00
5.496801089413881902e-01 -9.230169582797022043e-01 4.700938282651202504e-01 5.092598645906469823e-01 2.005879246668479388e-01 -3.963850046771617563e-01 -3.891121988077962390e-01 4.450584921997823018e-02 -4.833868601026478085e-02 -4.614757545349459922e-01 1.000000000000000000e+00
-1.555920578566923895e+00 3.042614484974929256e-01 -1.566883302689033419e+00 -1.390110704632335548e+00 7.378643679869472116e-01 -4.062347849171780156e-01 -6.598483351878701164e-01 -5.675577924842867272e-01 -8.988425228278827672e-02 3.907163441178327368e-01 1.000000000000000000e+00
-1.194776203374073864e+00 -1.570423783866154555e+00 -1.198600121339228108e+00 -1.142581707019968196e+00 -1.575963708798859830e-01 -3.707755760531196154e-01 -1.144535438830350804e+00 -1.088143747050290377e+00 -9.311819693013848598e-01 3.582002704013509398e-01 1.000000000000000000e+00
-7.884887812821179676e-01 -6.295879653880013249e-01 -7.289676924086633258e-01 -7.891766164218174673e-01 9.157531297871181197e-02 1.670224250517667597e-01 1.343109981936799480e-01 -7.148743832856941337e-03 -2.629907784183020403e-01 -2.386359576730404455e-02 0.000000000000000000e+00
-1.069020572726564033e+00 8.119401822307538152e-01 -9.197707359761975177e-01 -1.002092275942678690e+00 1.772280793051037862e-01 7.245199866366861530e-01 5.688772068447727204e-01 -3.006276328537140774e-01 -1.279676880326009181e-01 4.381356182877015892e-01 0.000000000000000000e+00
-5.563245400867148360e-01 8.768290612504675563e-02 -4.720259379785666232e-01 -5.652079581826603416e-01 9.948226669661264232e-01 5.590436786044130635e-01 7.354840600017409358e-01 1.844638248100621547e-01 5.713826775548738190e-01 1.394650120114190983e+00 0.000000000000000000e+00
2.174829797309211887e+00 -5.434223087451999223e-01 2.406673347766032034e+00 2.280648343391253885e+00 3.268514282175824626e+00 2.755544672128034112e+00 3.699697655752805847e+00 3.255170666571062021e+00 2.506713639749916123e+00 7.795543923107538520e-01 0.000000000000000000e+00
-4.337934127891405756e-01 -2.313629036064064892e-01 -4.482350347905946775e-01 -4.860917568306465375e-01 -1.498097557593046081e-01 -3.628957518611069522e-01 -7.778615228407226301e-01 -9.311599558729588555e-01 7.929590310083308724e-01 -5.563143028746837526e-01 0.000000000000000000e+00
-8.239583181314160676e-01 -1.155897111368354047e+00 -8.931249244056694847e-01 -8.691654229358022343e-01 1.088262048413099814e+00 -3.215266748530384300e-01 -8.921986312525283236e-02 -6.226621463225114755e-02 9.014653489814622445e-02 -1.159924712973332828e-01 0.000000000000000000e+00
5.633109640115546712e-02 -4.176670260773281407e-01 8.468119661997584868e-02 -3.844530873965549406e-02 6.833580621428796409e-01 3.876575024281307957e-01 3.495115168547640594e-01 4.906399322349676573e-01 1.386163622160895004e-01 -1.837342915400025922e-01 1.000000000000000000e+00
1.858828469015468388e+00 -1.149228270620805681e-01 1.735769877865224853e+00 2.062497052898568217e+00 -1.427593297046672705e+00 -6.367196425335580612e-01 -3.877238083648216760e-01 2.488156362669460830e-01 -4.499458266446563215e-01 -1.014249007715127160e+00 0.000000000000000000e+00
-1.314082827321711999e+00 -6.761639960057315157e-01 -1.417000612604810250e+00 -1.196974095449477860e+00 -9.533884362032800652e-01 -1.653610954512834352e+00 -1.412633633368772790e+00 -1.558806547436738077e+00 -1.152758322754841913e+00 -8.543783119424276373e-01 0.000000000000000000e+00
1.155886738729385632e+00 9.400242664295125339e-01 1.288500897931352807e+00 9.717406004351404336e-01 8.858100552779891723e-01 2.686596210447920630e+00 1.226974276814798204e+00 1.766133235550786384e+00 1.606559703845244602e+00 1.485424159239368214e+00 0.000000000000000000e+00
2.594748074471331378e-01 -9.206881567488161000e-01 1.417793642711078494e-01 1.863959546614722962e-01 -1.311572731750013876e+00 -1.224160536048126469e+00 -1.091776601997310969e+00 -8.731567536180993017e-01 -1.073129320732505887e+00 -1.187668067536360894e+00 0.000000000000000000e+00
-8.529788482808414729e-01 1.575469520516424859e-01 -7.242095117710685148e-01 -8.886536048864822623e-01 1.305083885816176459e-01 1.008193657549153688e+00 1.301458268647553984e-01 1.103136433657642655e-02 -6.715221800981142630e-01 5.018129293158104520e-01 0.000000000000000000e+00
-9.851834856282239983e-01 -5.387647056834269366e-01 -1.005417987452896789e+00 -9.721328320483497709e-01 -3.117713502673926107e-01 -5.165523236053600753e-01 -5.876520321531838453e-01 -8.252536114573695292e-01 6.591162123917410076e-02 2.227166299160123208e-01 0.000000000000000000e+00
-7.691417611825013267e-01 -1.363160447617254301e+00 -8.012920381000976366e-01 -7.571810938162236715e-01 -1.087318216277275873e+00 -1.003525458671762571e+00 -1.177717970417447191e+00 -1.373831161141389812e+00 -1.166606844845683444e+00 -4.276048444136122950e-01 1.000000000000000000e+00
-1.069020572726564033e+00 2.972750439048330584e-01 -1.082500513781925244e+00 -1.065210715991895540e+00 -6.302439086991618034e-01 -3.195567188050353891e-01 -6.778974109465416564e-01 -6.861613553039250801e-01 1.052618820211601580e+00 1.780070285558510157e-01 0.000000000000000000e+00
6.528642161393453103e-01 2.314017169652557993e+00 5.890483442049797569e-01 7.157764195903892901e-01 -1.442387865775777600e+00 -6.662689832536067280e-01 -6.362456976572994360e-01 -6.356610548332761734e-01 -1.741320511615587652e+00 -1.339409744879940245e+00 0.000000000000000000e+00
-1.468126146448222313e-01 -8.042480802044902344e-01 -1.056460288837993006e-01 -2.382718908309556238e-01 8.858100552779891723e-01 2.044515899638287004e-01 4.258729912183746857e-01 5.945262646317313049e-01 6.925572458497334383e-01 3.168469683168576717e-02 0.000000000000000000e+00
-1.460797729743966086e-02 3.899931012186277801e+00 -1.056460288837993006e-01 -1.638095836761188639e-01 -3.584910409908798612e-01 -3.353163671890612707e-01 -2.586034971681710481e-01 -8.303036415043554830e-03 -4.222487824629743147e-01 -4.547015725106798301e-01 0.000000000000000000e+00
6.270681893398554196e-01 -7.460280419323273016e-01 5.176756346410640308e-01 5.587074904356557070e-01 6.042885249638627748e-02 -5.520115324694183645e-01 -3.113623340012110496e-01 -7.178912843528771626e-02 -5.364990897124132241e-01 -8.868943856589094343e-01 0.000000000000000000e+00
-7.046516941837778214e-01 -1.225761157294949832e+00 -5.909804539184260186e-01 -7.667797505979020434e-01 2.396413388670735500e+00 1.607060296142140521e+00 1.172827049538783140e+00 1.033157445862510571e+00 1.616946095413376083e+00 1.753681767400337987e+00 0.000000000000000000e+00
9.043754774343649716e-01 1.054135541442951629e+00 8.221991954471045139e-01 9.048408713507167800e-01 -2.121026767239534983e-01 -7.490071372697433283e-01 -1.169876719847476182e-01 1.423321455602635510e-01 -4.049381298494229009e-01 -9.885071160229134124e-01 1.000000000000000000e+00
-1.016695677457158109e-01 -1.079364224694207564e-01 -1.912932803604986687e-01 -1.414127178522033568e-01 -4.254559310278778206e-01 -1.120343852318355315e+00 -9.679321744839642916e-01 -6.674041008433984068e-01 -2.214452121457785305e-01 -9.776684247840857767e-01 1.000000000000000000e+00
1.369436801495594325e-01 4.533047464742301913e-01 -1.999877740710061247e-02 6.394036359824474547e-02 -1.103670108030496477e+00 -1.508031202565394580e+00 -1.434709041412071118e+00 -1.181930019352923855e+00 -1.360486154117458435e+00 -1.072506973123822593e+00 0.000000000000000000e+00
-4.079973859896518507e-01 -8.764409276619720135e-01 -3.245223382131411372e-01 -4.997625710348546635e-01 3.018139212344027045e-01 6.575414810045754344e-01 4.786318280514146872e-01 6.124309166167892643e-02 -1.902860374413866407e-01 5.180709661740504623e-01 0.000000000000000000e+00
8.334364037357697708e-01 3.089190515592658559e-01 9.078464469238025636e-01 7.855848325480486727e-01 4.108265329225388451e-01 7.284598987326922348e-01 9.437426264479517046e-01 1.142815241170205276e+00 1.101088647529544717e+00 1.581617543983958818e+00 0.000000000000000000e+00
9.140489874841738471e-01 -2.383493081990654683e-01 9.649446145749359660e-01 8.350324583930573974e-01 1.111621893774843883e+00 8.013482725088125758e-01 1.335268731366827666e+00 1.789219087194511504e+00 2.208970414796832760e+00 4.991032565061028770e-01 0.000000000000000000e+00
4.078019615441967338e-01 -2.569797204461580775e-01 3.463811316876667101e-01 3.347388321964985258e-01 -9.004394533833282033e-01 -1.304409381967236714e-01 -7.542588853101522828e-01 -7.935105654472471848e-01 7.629801280730473534e-02 -2.961857131428332068e-01 0.000000000000000000e+00
-5.659980501365231564e-01 -7.716448587720787788e-01 -4.054114090522457081e-01 -6.350163711403197242e-01 1.680044797577267657e+00 1.764656779982400669e+00 1.819816995965011008e+00 1.033157445862510571e+00 1.537317093391038947e+00 1.763165622234311725e+00 0.000000000000000000e+00
9.462940209835358774e-01 -1.754716668651295775e-01 8.650228211854542604e-01 9.193842907168958689e-01 -8.739649619733527164e-01 -6.642990272056034096e-01 -8.654689597924287714e-01 -3.043790837458191789e-01 -1.083515712300636480e+00 -1.008829662095713786e+00 0.000000000000000000e+00
1.010784087982258717e+00 -1.207130745047857223e+00 9.126046275613980407e-01 1.041549013392799816e+00 -6.434811544041501019e-01 -7.726466098457821507e-01 -1.058805484409497816e-01 2.921147250601019429e-02 -1.246235846868019470e+00 -1.115861738079131138e+00 0.000000000000000000e+00
6.593132228392175609e-01 1.575469520516424859e-01 6.318719699433293924e-01 5.732509098018346849e-01 -1.342365255181418304e-01 -2.959172462289962890e-01 3.508999072977386224e-01 3.954107942046012347e-01 2.009347116248742515e-01 -5.657981577086566016e-01 0.000000000000000000e+00
-7.659172578325647018e-01 1.694555962436744112e+00 -8.997863772983016872e-01 -7.487459105838398798e-01 -1.520254016981589240e+00 -1.985154557391780816e+00 -1.575352993285412007e+00 -1.760519176173787281e+00 -2.733771699864326332e-01 -1.365151636572154104e+00 0.000000000000000000e+00
8.624569338851951761e-01 -6.971232097837101183e-01 8.650228211854542604e-01 7.943108841677560816e-01 8.235171343133402821e-01 4.094523797955913064e-02 7.354840600017409358e-01 1.082214880605426810e+00 -7.165298768933476836e-01 -3.368308052884349535e-01 1.000000000000000000e+00
-7.587354094622708600e-02 6.722120903775632428e-01 -1.532278352597430948e-01 -1.399583759155854368e-01 -1.511688740348950066e+00 -7.076380602616750837e-01 -5.543306615217901134e-01 -8.956654589707313541e-01 -1.606297421229887501e+00 -1.212055122823721742e+00 0.000000000000000000e+00
1.159111242079322368e+00 -4.689006597568312618e-01 1.069624588602011706e+00 1.184074523181354310e+00 -4.581597145343189736e-01 -5.776209610934608385e-01 -4.340297850708654120e-02 7.820988092369988154e-01 -1.305092065754093422e+00 -8.692815123958156365e-01 0.000000000000000000e+00
-4.047728826397151702e-01 -7.041096143763692083e-01 -2.769405318371973568e-01 -4.686396535912317196e-01 -9.650683588844011923e-03 8.368074813728709760e-01 8.784882756281389149e-01 1.022204783292909175e-01 7.617998563039389825e-01 3.744583072595927820e-01 0.000000000000000000e+00
1.627397069490493231e-01 -4.595854536332854012e-01 1.322630029959196429e-01 8.750070297145484677e-02 -2.043160616033732058e-01 -3.530459716210906929e-01 -6.015359365829310301e-01 -3.110162660933904477e-01 6.406252880090793633e-01 -3.043147315719541002e-01 1.000000000000000000e+00
-1.188327196674201724e+00 4.556335480051162956e-01 -1.108194689224935248e+00 -1.108259237315785795e+00 1.049328972810193994e+00 4.191767991961825590e-01 -3.419069237466553779e-01 -6.004551310765952055e-01 1.191104041120012447e+00 1.267295498057973147e+00 0.000000000000000000e+00
-7.917132846320540374e-01 -8.065768817353762277e-01 -8.736163837915320585e-01 -7.999387467527901974e-01 -8.233519636895754168e-01 -1.198748103028884460e+00 -1.186603669252485505e+00 -1.299956435881469252e+00 -1.280857152095122187e+00 -5.237982291582019556e-01 0.000000000000000000e+00
2.297360924606785648e+00 -2.173900944210868380e-01 2.373366083302871576e+00 2.513343053250118420e+00 2.149577689348044357e-02 1.256408119597562933e+00 9.812291684082697918e-01 1.693989949164145026e+00 2.078589726702949891e-01 5.925869684409877935e-01 0.000000000000000000e+00
1.101070181780471557e+00 5.953616398583077007e-01 1.302775439844136462e+00 1.076453219871629452e+00 5.587722202135807503e-01 1.512502405837984787e+00 2.180798511138442919e+00 1.702647143530541696e+00 7.548755952585182172e-01 7.822640651204614270e-01 0.000000000000000000e+00
-2.919152653919491192e-01 1.291673297593376235e+00 -3.483132414011130273e-01 -3.456023257533568649e-01 -1.415134712853743260e+00 -8.770542803899542550e-01 -9.415527560674443741e-01 -1.020906204137940643e+00 -1.180455366936523864e+00 -8.855395492540556468e-01 0.000000000000000000e+00
1.426745020124023045e+00 1.887846489500325520e+00 1.478828123435127928e+00 1.483668962124642610e+00 -1.240714534152724813e+00 5.019149532123191593e-01 6.244128245637622365e-01 3.636677481944793344e-01 -4.672564792582076798e-01 -7.947655101288791935e-01 0.000000000000000000e+00
2.187727810708956167e+00 6.861848995628820891e-01 2.197313399711880333e+00 2.146848885222406800e+00 -6.995447832723342696e-01 1.607060296142140521e+00 1.525478222054366562e+00 1.399645340706648033e+00 1.301892217846740474e+00 8.652477949177747249e-03 0.000000000000000000e+00
5.722516323909413449e-01 -3.850638046449167406e-01 4.415447444395542709e-01 4.365427677597517597e-01 -9.650683588841526550e-01 -5.342819280373891644e-01 -1.332523504809130177e+00 8.722779172203999273e-03 1.386163622160895004e-01 -1.198506758775187420e+00 0.000000000000000000e+00
1.530661968992404753e-01 3.322070668681313399e-01 2.083938931974294306e-01 5.259649649262515547e-02 1.010395897207288174e+00 5.334342499803709226e-01 4.869621707092629537e-01 9.667856223868002141e-01 1.732376674431922448e-01 5.942805139472028333e-03 0.000000000000000000e+00
1.581521180920958836e+00 1.727159183869155568e+00 1.421729955783995969e+00 1.602925000927310606e+00 7.145045226252041415e-01 4.546360080602409037e-01 2.044736247726918421e+00 2.048934918186419374e+00 5.817690691230045230e-01 6.792964983516027733e-01 0.000000000000000000e+00
7.915178601866000863e-01 1.135643595023980046e+00 7.222774020576229193e-01 7.594066776889264458e-01 -9.323645753777115575e-01 -5.933806094774867201e-01 -3.446837046326045040e-01 -1.277723186713212722e-01 -1.145834061709421148e+00 -1.138893956961638976e+00 0.000000000000000000e+00
1.616990717770256270e+00 -1.428684454327182052e-01 1.488344484710317550e+00 1.803624188180581456e+00 -2.087119597759897527e+00 -1.087445586316701185e+00 -1.273239232894109119e+00 -7.135758041308486455e-01 -7.026813548025061529e-01 -1.408506401527462426e+00 0.000000000000000000e+00
1.262295349277279488e+00 7.138129540884106949e-02 1.397939052596024023e+00 1.346960820082559573e+00 3.329603817167271496e-01 9.274254595810201840e-01 1.078416499416501084e+00 1.252473036477899981e+00 -1.625889932597036625e-01 2.308456483451332142e-01 1.000000000000000000e+00
