1.224666875481665640e+00 -1.024823189792228195e+00 1.031192281180216330e+00 1.112466456182916508e+00 -1.145857721605171742e+00 -4.766241978490821096e-01 -4.349648417475313611e-01 -1.687461711385372098e-01 1.380664311290027202e+00 -3.409788367083669280e-01 0.000000000000000000e+00
-1.532942080423624454e+00 -1.511267112292705050e+00 -1.471704737157239595e+00 -1.372115713101724310e+00 1.308852298563007999e+00 2.775522799572971988e-01 1.354067256652647377e-01 -3.211893195648188315e-01 1.870332358057731070e-01 1.360430500231893491e+00 1.000000000000000000e+00
-1.452965022537740181e+00 -3.383510581451412008e-02 -1.334494881709628267e+00 -1.323297656000992140e+00 1.984018119434412197e+00 9.979892837565488284e-01 4.073442700307790543e-01 1.791445158342812594e-01 1.440699010352843867e+00 1.692161090189916894e+00 0.000000000000000000e+00
-5.636201388467072526e-01 -9.230093455479426723e-01 -5.727436152590986707e-01 -5.776089709301563957e-01 -4.433637603651615633e-01 -2.722026788647213258e-01 -7.969904136310567155e-01 -6.355662404439218482e-01 -3.532790557595848480e-01 -2.348250479217997566e-01 0.000000000000000000e+00
-9.155191935445978757e-01 -4.162026541986096895e-01 -9.919433805231790968e-01 -8.531026849781487842e-01 -3.171720533689594834e-01 -1.407436745457481875e+00 -1.153856144929185312e+00 -1.035062195561045728e+00 -1.257330994587896100e+00 -4.707223563363936436e-01 0.000000000000000000e+00
1.157486146857522380e+00 2.421935385811047059e-01 1.016998158202876867e+00 1.200967027535121412e+00 -6.700265716577048503e-01 -8.080649130955699366e-01 -6.553039802590759910e-01 -3.469110676367467838e-02 -6.110751164410953562e-01 -1.420209022705135826e+00 1.000000000000000000e+00
-9.475100166989515182e-01 -9.944847210527583969e-02 -8.656156860248612750e-01 -9.664405134517790597e-01 2.237643721625350857e-01 8.709700874944215077e-01 -1.978910851211859168e-01 1.009277536155632655e-02 1.094616627520132113e+00 1.006584537610002217e+00 0.000000000000000000e+00
9.015595616224437309e-03 -1.565567829222990426e+00 -3.336694212021373146e-02 -8.057834278761237534e-02 -3.332474300563731950e-01 -5.401337959801457700e-01 -8.080073705566339637e-01 -2.360702853267977186e-01 -7.170187030225381175e-01 -1.360430500231878115e-01 0.000000000000000000e+00
5.528595892402372591e-01 1.018241284709771266e+00 5.769803459053665096e-01 5.100915995598449548e-01 -6.917283301857147793e-01 5.752535211966570694e-01 1.256448650982974757e-01 -3.428398056253610937e-01 -3.144330740130562019e-01 2.908506586702758884e-02 0.000000000000000000e+00
-1.053079733108318816e+00 -5.646040453546682936e-02 -1.044461635539333688e+00 -1.000127827708424677e+00 -3.525378820812707925e-01 -6.572296175342940971e-01 -3.457135451352602029e-01 -9.345208972798985103e-01 -2.014265816595170733e-01 -1.714276462853775718e-01 0.000000000000000000e+00
-1.312205400658583931e+00 -8.813582274480029344e-02 -1.396949022809919949e+00 -1.199967827535983966e+00 -1.687597915971036810e+00 -1.639445246130023071e+00 -1.751421466778533054e+00 -1.992428894238162274e+00 -5.581033231503740311e-01 -9.646323458294502329e-01 0.000000000000000000e+00
-1.363390717705549982e+00 -3.822647061171806082e-01 -1.343011355496032122e+00 -1.250784284634991694e+00 1.192744236943418384e-01 1.359051272506436696e-02 -8.119121147834208463e-01 -7.684349768154669080e-01 1.128727251987625690e-01 7.972256763920511080e-01 0.000000000000000000e+00
-1.398580623175338822e+00 -7.487945453966095011e-01 -1.406411771461479443e+00 -1.281045770323165023e+00 1.059683959908084505e+00 -3.932678503020612948e-01 -4.754068355249667643e-01 -4.178750518351843635e-01 6.567164696501681664e-01 7.898538855040938556e-01 0.000000000000000000e+00
-9.059219465982913944e-01 -8.587329287270470402e-02 -9.536192484843635242e-01 -9.318967420530150925e-01 8.908925046902328448e-01 -1.273214081282326993e-01 -3.819718843839953193e-01 -1.856513451858097519e-01 3.000397281593112919e-01 7.618410801298614032e-01 0.000000000000000000e+00
-8.835283703902443442e-01 4.458212270696766399e-01 -8.660888234574388722e-01 -8.993513706525269047e-01 1.172211596719985094e+00 9.893153521368092118e-02 -4.182302236327303802e-01 8.305194756557419955e-02 3.871221459175302332e-02 6.085078296603751991e-01 0.000000000000000000e+00
6.424338940724280134e-01 -1.466016514850799979e+00 5.817117202311459234e-01 4.929624567174827887e-01 4.247065807552152794e-01 6.308244195613376126e-01 1.094858164247181076e+00 9.523337919963761333e-01 2.380065478041636151e+00 7.529949310643134774e-01 0.000000000000000000e+00
1.032721936555542896e+00 1.946804112671045028e-01 1.026460906854437027e+00 1.006836741988349493e+00 5.497291694468463275e-02 1.703798331111271991e-01 9.775383490696307187e-02 4.155203704952671329e-01 -5.016000769736048692e-01 -8.850170042395247849e-01 1.000000000000000000e+00
-1.417775117067951118e+00 -1.450178805746133337e+00 -1.348215867254389799e+00 -1.293607141740897193e+00 2.988729162397813166e+00 6.665485685100607238e-01 7.029891900589276821e-01 2.526968520399580087e-01 -6.016846621759337072e-02 2.138891618000055672e+00 0.000000000000000000e+00
1.305807236027682061e-01 -4.433530126637519886e-01 -7.121793672645111706e-02 -3.782685711021787928e-03 -1.494693395722064055e+00 -1.502304207665757785e+00 -1.168080570326766043e+00 -9.351140612815571629e-01 6.602479225362168913e-01 -1.793221641635712515e+00 1.000000000000000000e+00
4.664843667234823688e-01 -6.922312985942284946e-01 3.640685012452804514e-01 4.415750281903960683e-01 -1.643390630080646453e+00 -1.243105660293354786e+00 -8.922382817344650663e-01 -9.259200192558476594e-01 1.399204438941617848e-02 -1.765208836261480174e+00 1.000000000000000000e+00
8.791659854146449682e-01 -1.084985915936574064e-01 8.088176878685715554e-01 8.783681706706328862e-01 -8.066672735007277550e-01 -4.448693987835505292e-01 -6.122503718364546293e-02 -3.350477876035694302e-02 1.461887727669133108e+00 -8.938631533050728217e-01 1.000000000000000000e+00
-4.580504224373399547e-01 -8.868088675944189037e-01 -5.017730003724032439e-01 -4.862535424375578064e-01 -4.345223031870836805e-01 -5.798272948120605230e-01 -8.676941751660904867e-01 -8.322001069937756679e-01 -2.861814509246716765e-01 9.918409558342073523e-03 0.000000000000000000e+00
7.512026927972305090e-01 -1.149262332757466476e+00 6.858019553982985794e-01 7.013670279662231888e-01 -1.700823566791167252e-01 -5.857813196368475417e-01 -9.608882492281396737e-02 7.298972913743697610e-01 -7.488017789969714233e-01 -1.389917663783711566e-01 0.000000000000000000e+00
-2.437119073031695782e-01 -7.171191271872759954e-01 -3.030552786896561490e-01 -2.769925140466994451e-01 -1.122548425408419925e+00 -1.014074172033207155e+00 -1.010635704896681197e+00 -6.444637004688019699e-01 -1.731749585711325201e-01 -1.042773329241784896e+00 0.000000000000000000e+00
-6.659907729406385757e-01 -2.280527268805085495e+00 -6.247887328426748876e-01 -7.035081708215187302e-01 1.855415105935097619e+00 2.497668307749566774e-01 6.486016811858246189e-01 6.587176111753276775e-01 8.462110211037802976e-02 1.220366473360729342e+00 0.000000000000000000e+00
-5.892127973701901666e-01 -3.754771165008954359e-01 -6.862965990778107095e-01 -6.187189137518256388e-01 -5.341896386490534443e-01 -1.090087222296323821e+00 -1.265699175996437775e+00 -1.055822935619099567e+00 -1.144324502234356888e+00 -1.020657956577917247e+00 0.000000000000000000e+00
-1.062676980054624742e+00 2.602937775578670343e-01 -1.009449465528563517e+00 -1.066075027651519180e+00 3.925558273803866904e-01 1.952617930664096724e+00 5.774795541979210745e-01 -6.320072564339694887e-01 1.560768408478479419e+00 1.917737891361373403e+00 0.000000000000000000e+00
-1.206635684249216744e+00 7.250379817396182536e-02 -1.186402865312724320e+00 -1.126027027599787012e+00 1.397266870343786493e+00 -3.218195524046147393e-01 -2.536731455038551131e-01 -6.592928005102691724e-01 -3.815306788479693734e-01 9.372897032632153680e-01 0.000000000000000000e+00
1.838890680045256243e+00 1.063491882151676782e+00 2.043706386897070182e+00 2.003181883985752254e+00 9.230432580650614893e-01 1.299659874879100396e+00 2.727877981949832442e+00 2.209841475512787312e+00 9.109810774456310600e-01 -1.809439581589139187e-02 0.000000000000000000e+00
5.848504123945913458e-01 4.661839959185337112e-01 6.716078324209603378e-01 5.443498852445693981e-01 -3.179758222033298720e-01 3.966327764530408473e-01 5.495885240065861987e-01 5.311873508187101578e-01 6.284648465617836965e-01 6.969693203159764081e-03 0.000000000000000000e+00
-1.177843943410298300e+00 -1.140212213269085728e+00 -1.170789330037651510e+00 -1.154575599003724085e+00 -1.290901461266263364e-03 1.743491829943187854e-01 -8.043815366317604854e-01 -9.333345692765812052e-01 5.790245061571109852e-01 9.947896721892729444e-01 0.000000000000000000e+00
-3.844715291823262993e-01 -2.623506228961335340e-01 -2.983239043638760690e-01 -4.382919424789437080e-01 3.889754025726977621e-02 3.172457787892119518e-01 2.818346341697724466e-01 -8.837244891378537304e-02 1.375928954010994243e-01 5.480591443791342776e-01 0.000000000000000000e+00
9.495457963542238700e-01 1.321420287570533203e+00 8.845196770810462850e-01 9.583041706016565131e-01 -8.862403881034283115e-01 -7.048618161325918008e-01 -1.799394038707628762e-02 -1.212930510058423533e-01 -1.744671492862531759e+00 -9.572605549414949788e-01 0.000000000000000000e+00
5.944476593408967169e-01 3.462699126974858599e-01 6.337568378147222514e-01 4.901075995770890481e-01 6.746786882441167289e-03 2.557208555997437793e-01 6.723090568484593188e-01 4.064072144697825073e-02 1.269985367429553313e-01 -3.557224184842794901e-01 0.000000000000000000e+00
-1.145853120255944324e+00 -1.113061854803942596e+00 -1.148551870706486344e+00 -1.087486456204471930e+00 5.613472825982382952e-01 -2.980034531054658320e-01 -8.200005135389079047e-01 -1.038917761571827025e+00 -1.202031652804111395e-01 -1.640558553974212908e-01 0.000000000000000000e+00
-6.020091266319314016e-01 2.783940165346285300e-01 -2.604729097576387042e-01 -5.990203994831091450e-01 6.658372310664314453e-01 3.343875064722707346e+00 2.243968608130173958e+00 1.489147213497485245e+00 1.952759678829817380e+00 2.746327187167635575e+00 0.000000000000000000e+00
-8.055870921596630652e-02 3.630332022043797346e-02 -6.175518807489159545e-02 -1.014187999124866041e-01 -1.014843401602743889e+00 -3.099115027550405355e-01 -8.328303874269219476e-01 -3.683458576966844866e-01 5.860874119292063256e-01 -1.145978401673169778e+00 1.000000000000000000e+00
1.019925607293801662e+00 2.070317675234057742e+00 9.460275433161814407e-01 1.243789884641026910e+00 -6.370720494485058172e-01 -5.679192451624860416e-01 -2.787750726760567788e-01 -3.053895875206385016e-02 -6.110751164410953562e-01 -8.363631843790152454e-01 0.000000000000000000e+00
5.176696837704483078e-01 1.047654173047010140e+00 4.965469823671116445e-01 4.415750281903960683e-01 -4.951703152350973164e-02 4.732998673219199204e-02 4.938064636239166694e-01 2.713815180922067305e-01 -1.413918825966992976e-01 -3.136361941421229177e-02 0.000000000000000000e+00
-1.849651229651726014e+00 -8.664460987455617769e-01 -1.925916672432089527e+00 -1.576523484353913318e+00 -2.359914010975158738e-01 -1.662665942946693232e+00 -1.810689905935119137e+00 -1.552301205007418305e+00 -1.140793049348309163e+00 6.741837848439861947e-02 0.000000000000000000e+00
2.169559461195230687e-01 -7.012814180826092425e-01 1.416939079336349272e-01 1.246858856066948990e-01 -4.144280823278156944e-01 -6.195207936439751650e-01 -6.092837804433737237e-01 -2.369600313292858085e-01 -4.768799067712680695e-01 -8.511067661549267527e-01 0.000000000000000000e+00
-4.068651053903739601e-01 -2.849759216170854592e-01 -4.166082625083682989e-01 -4.842551424392820825e-01 1.148098531688863888e+00 -2.186164554416369088e-01 -1.239798551141487737e-01 -7.739891488309985634e-02 2.105495016151255963e-02 5.267479670848809747e-02 1.000000000000000000e+00
1.909270490984835034e+00 5.204847128488191421e-01 1.863914162517441575e+00 2.180183026690162063e+00 3.443296973181432241e-01 -2.900647533390832145e-01 1.033497897826244794e+00 1.587019273771168137e+00 -5.121944356317490454e-01 -1.084055358214339293e+00 1.000000000000000000e+00
2.619466765011487119e+00 -1.020298130048037821e+00 2.767606658741362136e+00 2.931010454613706351e+00 9.873447648147197775e-01 1.853384183584310563e+00 2.511722497966987877e+00 3.078826737942759628e+00 4.930657324989710238e-02 -1.773250789957421802e-01 1.000000000000000000e+00
8.503742445757266344e-01 1.099692360105199773e+00 8.514000568005877234e-01 7.156413136681917253e-01 -2.866288376628716716e-01 4.760197741168702978e-01 1.033320409452297972e-01 1.156975372568622262e+00 -2.367411105199979937e-01 -3.262352549324554207e-01 0.000000000000000000e+00
-2.067188827101331228e+00 -7.103315375709908785e-01 -2.006350035970344337e+00 -1.774936055611275876e+00 1.525869883843101960e+00 1.438587120790801865e+00 1.702705134044332491e-01 -7.064493386421343279e-01 8.968552659014382700e-01 2.519276027818588837e+00 0.000000000000000000e+00
1.301444851052113938e+00 7.024126830186702697e-02 1.357657109659015315e+00 1.209531598956302467e+00 1.132023155001449011e+00 1.305613899703887526e+00 1.733562755628748064e+00 2.037823915031768518e+00 7.767858677758037178e-01 5.377386371359956785e-01 0.000000000000000000e+00
-6.531944436788974517e-01 -2.012623163495622092e-01 -6.058632355395558999e-01 -5.145166281274554665e-01 7.542518028472109393e-01 2.815216298404882300e-01 -6.261958869321204713e-02 -7.947498888890526525e-02 5.048639955501004195e-01 9.181230469545308415e-01 1.000000000000000000e+00
4.089008850456457567e-01 1.028422669141302047e-04 3.782626242226194146e-01 3.616390282593723859e-01 -6.559240821092347795e-02 -7.968920952993535645e-02 3.778811999559292950e-02 -1.473922670788061070e-03 3.397685731272096811e-03 -1.611071390422389726e-01 0.000000000000000000e+00
1.561733821262517585e-01 -1.158312452245847224e+00 8.491741602427850533e-02 1.905617141212784596e-02 -1.056639380990021859e+00 -3.912831753604655294e-01 -6.650658408260432530e-01 -7.399631047358502522e-01 -7.841163078574523437e-01 -6.800812175543466953e-01 0.000000000000000000e+00
6.552302233341691373e-01 6.856493935117715655e-01 5.675175972538070157e-01 5.928824566312623778e-01 4.693522860097720101e-02 -8.773300685572609225e-01 1.228557620791643074e-01 9.313573559377204270e-02 -9.854091223621928020e-01 -1.253606548637328677e+00 1.000000000000000000e+00
6.072439886026390621e-01 -7.125940674430856214e-01 5.864430945569253373e-01 5.243658852618134913e-01 5.050834641922873347e-01 3.740661202421331072e-02 9.609812193287742277e-01 9.464021519797894966e-01 -4.203766605944989632e-01 -1.861712280612891068e-01 1.000000000000000000e+00
3.033311686362779591e-01 -1.006722950815466699e+00 2.647096404039065987e-01 2.417350283628367791e-01 -1.138185382731669443e-01 -2.225858053248279400e-01 -1.058506854897808408e-01 1.287255756932928763e-01 -3.885935846200657684e-01 6.719052312967973561e-01 0.000000000000000000e+00
2.142803500011616347e+00 -7.306943064198478943e-01 2.076826007177527522e+00 2.745444740488115265e+00 -1.063873300499357688e+00 -5.818119697536560109e-01 2.232634707679692909e-01 5.816062909596985131e-01 -1.239673730157655696e+00 -1.572067914997031357e+00 1.000000000000000000e+00
2.457476869584413748e-01 -3.143888099543241110e-01 2.410527687750081416e-01 1.960573141165375122e-01 3.362920089744368957e-01 -3.595283762949339490e-01 2.924332256424813647e-03 2.082095519155566232e-01 -2.897129038107194021e-01 -4.427095509621611913e-01 0.000000000000000000e+00
2.905348393745367241e-01 2.131405981780628789e+00 2.410527687750081416e-01 1.932024569761437993e-01 -2.994891390128026631e-01 -6.373828681183367761e-01 -4.070738115561965409e-01 -3.724980057082953322e-01 -3.073701682409598623e-01 -9.557861967639033063e-01 0.000000000000000000e+00
1.285449439474936950e+00 9.512909689491452769e-02 1.244104125840302499e+00 1.415081313064649349e+00 6.738749194101388840e-01 -5.361644460969541282e-01 1.216184145579487508e+00 1.524737053597006398e+00 -7.629275905411632142e-01 -9.115554514361665639e-01 0.000000000000000000e+00
-1.177843943410298300e+00 4.209333984766283066e-01 -1.235136020868255136e+00 -1.106328513331070518e+00 3.282543206307294570e-01 -1.185550086987078533e+00 -1.115366523265143295e+00 -9.259200192558476594e-01 -1.797643286153252973e+00 -1.116491238121345653e+00 0.000000000000000000e+00
-3.780733645516773378e-03 7.490002299304384659e-01 -8.068068537801062479e-02 -4.774748567308476771e-02 -7.905918968133129887e-01 -1.015463444492324285e+00 -6.441475681825421518e-01 -5.955276703319606346e-01 -1.829426362127686279e+00 -1.000016942091640049e+00 1.000000000000000000e+00
-6.212036205245438092e-01 1.090642240616819025e+00 -7.501701524758369599e-01 -6.375609708784241159e-01 -1.910241883091725823e+00 -1.796433034010245677e+00 -1.658265425939474680e+00 -1.741817103537367961e+00 -1.278519711904184231e+00 -1.247709115926963985e+00 0.000000000000000000e+00
-6.020091266319314016e-01 5.747854297791052947e-01 -6.484456044715734002e-01 -6.058720566200539448e-01 -1.105669279886635659e+00 -1.103583011899174737e+00 -8.626737897316502091e-01 -1.323636482367995360e+00 1.870332358057731070e-01 -9.071323769033936557e-01 0.000000000000000000e+00
-1.251422836665311511e+00 6.177734973489142911e-01 -1.232770333705364818e+00 -1.182267713265542808e+00 2.318020605062425243e-01 -2.325091800328066283e-01 -5.660526836468049439e-01 -6.957723866122780265e-01 -5.333831529480371758e-01 1.204148533407225941e+00 0.000000000000000000e+00
-1.603321891363202800e+00 2.038642257024724014e+00 -1.669949321407408593e+00 -1.405803027358370150e+00 -8.114898865069514189e-01 -1.591813047531725367e+00 -1.327338352719287462e+00 -1.426847018656606680e+00 1.799703300336767120e-01 4.610720119012536866e-01 0.000000000000000000e+00
5.368641776630601603e-01 1.178880905628533426e+00 6.195627148373840098e-01 4.301555996288212724e-01 5.131211525359947734e-01 6.903646678092096867e-01 7.964241411998989051e-01 7.150681913329026695e-01 -6.369991910364204701e-02 2.178029125987035186e-01 0.000000000000000000e+00
-6.723889375715097483e-01 2.083892854466628641e+00 -6.957593477293703144e-01 -6.935161708301408323e-01 -6.933358678544555564e-01 -7.286779154317404306e-01 -2.676186605995225509e-01 -6.670039325318318779e-01 -7.311445145667309076e-01 -2.009148098372016689e-01 0.000000000000000000e+00
-2.693045658266531306e-01 1.393821243477580962e+00 -2.557415354318592904e-01 -2.795618854730536618e-01 -1.097631591542928220e+00 -5.917353444616346714e-01 -7.738408585722489352e-01 -1.115139335784968155e+00 -1.837693172292766131e-01 -3.041198822685865499e-01 0.000000000000000000e+00
1.433770528645094133e-01 -2.622169279491466831e+00 3.356802552906019144e-01 5.045959995645859369e-02 1.268663856844472138e+00 2.673054934463348964e+00 1.999922093955994518e+00 1.767934294277067497e+00 1.684369259490162696e+00 2.402801731788883011e+00 0.000000000000000000e+00
8.791659854146449682e-01 -1.726207450141752364e+00 9.176392973615036253e-01 8.954973135129951078e-01 -1.861577333665315748e-01 -2.007543809672750479e-01 5.760850026883544972e-01 4.985633307274828230e-01 -4.698170009991716745e-01 -5.282223252624511645e-01 1.000000000000000000e+00
-1.225830178141828597e+00 -2.578255631519431601e-01 -1.206747774913576654e+00 -1.157430456144117770e+00 1.308852298563007999e+00 4.283875755185729273e-01 -8.789900423935811391e-01 -8.197436629589431867e-01 8.968552659014382700e-01 1.783571297200573724e+00 1.000000000000000000e+00
-4.868421632762582330e-01 2.874441360230092779e-01 -6.153259841911153938e-01 -5.296473709715422418e-01 -1.652232087258725279e+00 -1.512822984856215358e+00 -1.725064443247721568e+00 -1.609244949166651839e+00 -1.462155261978685283e+00 -8.024529462944171021e-01 0.000000000000000000e+00
-9.603063459606933083e-01 1.260331981023961934e+00 -8.977890314401628657e-01 -9.264725134862671352e-01 9.069678813776477222e-01 3.291538284387861002e-01 1.005429379260962403e-01 -4.107570838152804216e-01 1.274720724708584330e+00 1.232161338781458504e+00 1.000000000000000000e+00
-7.043797607258633908e-01 -1.744307689118514304e+00 -6.247887328426748876e-01 -7.962910278843141620e-01 3.764804506929729233e-01 1.400878296900482711e+00 7.113564991163279227e-01 2.986670621685059146e-01 2.044577453867067351e+00 1.165815220789852891e+00 0.000000000000000000e+00
-1.285449439474964095e-01 -1.260126296490133635e+00 1.394680113758316534e-02 -2.016242855403053702e-01 1.284739233531885683e+00 1.680717463665481359e+00 9.233283285704720900e-01 1.560326893696527772e+00 3.877401501726025934e+00 1.727545686452106821e+00 0.000000000000000000e+00
-7.171760899876046258e-01 7.467377000583429458e-01 -6.295201071684543015e-01 -7.163550279532904241e-01 4.488196457863375399e-01 5.315906724815507856e-01 1.619032043470329529e-01 6.021513350173522813e-04 -5.663701333154567280e-02 4.404309974149764884e-01 0.000000000000000000e+00
-1.669339317327211691e-01 4.548713465580573878e-01 -1.374571772873670328e-01 -2.398793712215812612e-01 1.373153805312665288e+00 1.326710092208085445e-01 1.185504012369019256e+00 9.730945320544303057e-01 1.080490815975939212e+00 2.074824053555649195e-01 0.000000000000000000e+00
-2.565082365649119511e-01 -8.587329287270470402e-02 -2.652042840834187842e-01 -3.249541140053135435e-01 -5.237406438022336186e-01 -1.848769814345092855e-01 -3.052715513578245776e-01 -8.099564569315750306e-01 -1.625805999129884549e-01 -8.629016315756570243e-01 0.000000000000000000e+00
-1.299409071396842252e+00 -2.600880930240379585e-01 -1.291912512777610988e+00 -1.210816284669479881e+00 -8.166778489833834143e-02 -3.456356517037637022e-01 -7.027187315843451687e-01 -9.816774354117639989e-01 -7.841163078574523437e-01 2.620336579264391785e-01 0.000000000000000000e+00
4.888779429315300296e-01 6.426613259419617918e-01 5.959058432084854973e-01 3.445098854170101643e-01 -9.489343571843447123e-01 1.510035418688248088e+00 7.531930444033301253e-01 3.594663723385213561e-01 1.299440894910921296e+00 1.499824364295073431e-01 1.000000000000000000e+00
3.545164856832439537e-01 -9.886227118387044266e-01 3.782626242226194146e-01 2.645738854859864264e-01 5.854603476293593900e-01 5.097592481239978657e-01 5.677176936309538124e-01 3.977254504455065010e-01 -1.237346181664588374e-01 -2.834788677823093517e-01 1.000000000000000000e+00
5.336650953476254067e-01 -7.691573142454665168e-01 4.634273620866536936e-01 4.815430281559079373e-01 2.157266838188287850e-01 -3.218195524046147393e-01 -3.401353390969931167e-01 7.267157753654754360e-02 -8.842008930597791694e-02 -4.132223874103360672e-01 1.000000000000000000e+00
-1.555335656631672059e+00 4.231959283487239376e-01 -1.562073986779631607e+00 -1.382678684521180923e+00 7.703271795346247064e-01 -3.317429271125934553e-01 -6.120728834625072112e-01 -5.563788462224873443e-01 -1.307975239385552046e-01 5.141489062945372446e-01 1.000000000000000000e+00
-1.197038437302910152e+00 -1.398140618687943038e+00 -1.195865613964283147e+00 -1.139730341873676611e+00 -1.540069799917029858e-01 -2.960187781638702886e-01 -1.098910815452255774e+00 -1.091412775718620720e+00 -9.889405752482415268e-01 4.787643100323474843e-01 1.000000000000000000e+00
-7.939540655580535899e-01 -4.840785503614670193e-01 -7.288789680098282098e-01 -7.928651993158415401e-01 1.031990470069280991e-01 2.457974808917650911e-01 1.856105800096676250e-01 1.958339938809530029e-02 -3.073701682409598623e-01 6.299530395162464269e-02 0.000000000000000000e+00
-1.072274227000931113e+00 9.164274404654858541e-01 -9.186070784735933525e-01 -1.001840741992660933e+00 1.916136187877064967e-01 8.074604893633583469e-01 6.221052025040567646e-01 -2.820404954553460408e-01 -1.696435056850838508e-01 5.657514425102302402e-01 0.000000000000000000e+00
-5.636201388467072526e-01 2.127806502438668312e-01 -4.733847544177247069e-01 -5.730411995055263441e-01 1.035570894876963299e+00 6.407477942693162731e-01 7.894513836520652417e-01 2.165138479387782866e-01 5.437099772966300648e-01 1.606648315889626977e+00 0.000000000000000000e+00
2.146002582327052099e+00 -4.003649450939429366e-01 2.389096712678986822e+00 2.220151026655673654e+00 3.382575891239465005e+00 2.853660354148560785e+00 3.766818856577053509e+00 3.372442918763808084e+00 2.517792140597512329e+00 9.372897032632153680e-01 0.000000000000000000e+00
-4.420550108601628558e-01 -9.718594223318105518e-02 -4.497278827888263053e-01 -4.953890852868177985e-01 -1.459692916479955471e-01 -2.880800783974876711e-01 -7.306097617756799334e-01 -9.300721672674584495e-01 7.697229620037073783e-01 -5.164274598417220030e-01 0.000000000000000000e+00
-8.291439710278429853e-01 -9.954103014549904316e-01 -8.921113822492277023e-01 -8.713737706766684354e-01 1.132023155001449011e+00 -2.464019046239768751e-01 -3.891221303057738889e-02 -3.706376277030931643e-02 5.283802613594578562e-02 -3.726105212457690719e-02 0.000000000000000000e+00
4.420550108601333655e-02 -2.781883320008002869e-01 8.018604169849909147e-02 -5.602657138022644479e-02 7.140633611286749671e-01 4.680810743504876803e-01 4.017660639925119681e-01 5.311873508187101578e-01 1.022783665406184900e-01 -1.109789610041376773e-01 1.000000000000000000e+00
1.832492515414385625e+00 1.594055137158086402e-02 1.721972932744050944e+00 2.006036741126146161e+00 -1.464953948850346688e+00 -5.639498952792943998e-01 -3.387407875874265395e-01 2.826516341237214625e-01 -4.980686240875562554e-01 -1.014760523867551445e+00 0.000000000000000000e+00
-1.315404482974019240e+00 -5.293291478033715913e-01 -1.413035695517571133e+00 -1.193116170399039166e+00 -9.754587287185783051e-01 -1.588439100131012527e+00 -1.368198711949593083e+00 -1.575138019071277595e+00 -1.214953559955318729e+00 -8.407862589117881535e-01 0.000000000000000000e+00
1.135092570649474775e+00 1.040866583430724024e+00 1.277223746120759840e+00 9.354653134785069213e-01 9.230432580650614893e-01 2.784196731192710050e+00 1.283122618038690987e+00 1.842079794484402955e+00 1.599614390225008176e+00 1.705430313788238950e+00 0.000000000000000000e+00
2.457476869584413748e-01 -7.668947843733717740e-01 1.369625336078548195e-01 1.646538855722067540e-01 -1.345192392529110048e+00 -1.155779962863142440e+00 -1.045917858088719621e+00 -8.704591851007608128e-01 -1.133730143576212823e+00 -1.203478370599227354e+00 0.000000000000000000e+00
-8.579357118667613191e-01 2.806565464067241056e-01 -7.241475936840481298e-01 -8.905013135173064365e-01 1.433874887254641406e-01 1.093253680953144125e+00 1.814269254809670884e-01 3.826806544034361268e-02 -7.240816087946345680e-01 6.350462768570169780e-01 0.000000000000000000e+00
-9.890980867996115311e-01 -3.958398853497525627e-01 -1.003771816337628353e+00 -9.724357134466055097e-01 -3.131532091971052090e-01 -4.428847238419547083e-01 -5.395562049650368674e-01 -8.212265729630899846e-01 2.811785593360894078e-02 3.313284922732259719e-01 0.000000000000000000e+00
-7.747595716654417375e-01 -1.196775460071466846e+00 -8.007958577616793860e-01 -7.614617707715108930e-01 -1.113706968230341987e+00 -9.334963694044201565e-01 -1.132240596530900811e+00 -1.385028956539669398e+00 -1.229079371499511630e+00 -3.763634329705566883e-01 1.000000000000000000e+00
-1.072274227000931113e+00 4.164083387324379326e-01 -1.080420080415258832e+00 -1.063791141939204099e+00 -6.418946624547293700e-01 -2.444172296823813595e-01 -6.302020530868748249e-01 -6.782740485633470540e-01 1.034581928457314337e+00 2.826746724127163213e-01 0.000000000000000000e+00
6.360357294415573959e-01 2.375759207966914310e+00 5.817117202311459234e-01 6.842378851238609672e-01 -1.480225556703391065e+00 -5.937200194032304923e-01 -5.883655077998726224e-01 -6.263721984182121227e-01 -1.815300550583493600e+00 -1.368606486489443830e+00 0.000000000000000000e+00
-1.573366847864147156e-01 -6.537682907686098721e-01 -1.090689313326884957e-01 -2.521552569252740739e-01 9.230432580650614893e-01 2.835063047820842730e-01 4.784663970186826543e-01 6.379568711172735052e-01 6.673108283083132308e-01 1.234439892328655503e-01 0.000000000000000000e+00
-2.617430985356445847e-02 3.916542050863772051e+00 -1.090689313326884957e-01 -1.790709141311951635e-01 -3.613793392593486753e-01 -2.602946292151471219e-01 -2.090474971977197560e-01 1.839707138477756840e-02 -4.698170009991716745e-01 -4.058505965223808132e-01 0.000000000000000000e+00
6.104430709180738157e-01 -5.972050439662288657e-01 5.107411053444506077e-01 5.300755995426009726e-01 7.104829363209837212e-02 -4.786088727906778750e-01 -2.620404545612557978e-01 -4.685096879767752104e-02 -5.863549462387585010e-01 -8.761708551739778583e-01 0.000000000000000000e+00
-7.107779253567340083e-01 -1.063286197617847817e+00 -5.916691125622169922e-01 -7.708827993348102980e-01 2.482354796744259406e+00 1.696594863198247038e+00 1.228735109165588035e+00 1.088761512377873775e+00 1.610208748883153129e+00 1.997353232951298629e+00 0.000000000000000000e+00
8.855641500455154747e-01 1.151730547163390295e+00 8.135490621943509693e-01 8.698035992494517199e-01 -2.102707983976527528e-01 -6.770763669502515292e-01 -6.680324322191219522e-02 1.732128758176942340e-01 -4.521597365689312142e-01 -9.867477184933191037e-01 1.000000000000000000e+00
-1.125495323703193384e-01 2.272814098786683432e-02 -1.942336691967234408e-01 -1.570885141501638382e-01 -4.305034590152305718e-01 -1.051187593441047285e+00 -9.215238634353666303e-01 -6.589962185094399016e-01 -2.649927336083825469e-01 -9.749528530725888320e-01 1.000000000000000000e+00
1.241825589718976025e-01 5.679978401628192897e-01 -2.390419346865421679e-02 4.446439996163174813e-02 -1.130586113752127364e+00 -1.441771621947087967e+00 -1.390372080951704170e+00 -1.187801925988156704e+00 -1.426840733118204252e+00 -1.078157925503973713e+00 0.000000000000000000e+00
-4.164623523366804414e-01 -7.239067168035620004e-01 -3.267121503185546061e-01 -5.088069138466679853e-01 3.202166322870220183e-01 7.399815413491031002e-01 5.314593543822186961e-01 8.987333358464930089e-02 -2.332096576339502958e-01 6.527385749881108312e-01 0.000000000000000000e+00
8.151843391059376831e-01 4.277209880929143115e-01 8.987138000583846376e-01 7.527544564933098536e-01 4.327442690989227181e-01 8.114298392465494336e-01 9.986341100870762544e-01 1.201462672693023759e+00 1.084022268861986937e+00 1.810109744397215392e+00 0.000000000000000000e+00
8.951613969918219560e-01 -1.039735318494662136e-01 9.554902919677417117e-01 8.012870278800028334e-01 1.156136220032571327e+00 8.848628120855918100e-01 1.391897635784896670e+00 1.865806354550750168e+00 2.214087192397376391e+00 6.320975605018336330e-01 0.000000000000000000e+00
3.929054734684687133e-01 -1.220737708262285420e-01 3.404116296163819944e-01 3.102515997322856656e-01 -9.208024479813693430e-01 -5.388843528919089187e-02 -7.069023861130454556e-01 -7.886025528718622057e-01 3.871221459175302332e-02 -2.333506897442080841e-01 0.000000000000000000e+00
-5.732173857930131788e-01 -6.220928725592763664e-01 -4.071455138568094712e-01 -6.415577708749752306e-01 1.742887469123195920e+00 1.855368858525906051e+00 1.878596112623688308e+00 1.088761512377873775e+00 1.528985332504046335e+00 2.007673740194437340e+00 0.000000000000000000e+00
9.271522201461761536e-01 -4.288522530289488183e-02 8.561314311263684695e-01 8.840778849514202564e-01 -8.934743076127653616e-01 -5.917353444616346714e-01 -8.186059620293413275e-01 -2.858960614661272270e-01 -1.144324502234356888e+00 -1.008863091157186975e+00 0.000000000000000000e+00
9.911338664548833277e-01 -1.045185958641085433e+00 9.034451743841653837e-01 1.003981884847955808e+00 -6.555587326390318603e-01 -7.008924662494001590e-01 -5.564683114537834902e-02 5.695273149259232753e-02 -1.310302787878617536e+00 -1.125337387186892579e+00 0.000000000000000000e+00
6.424338940724280134e-01 2.806565464067241056e-01 6.242940891631634237e-01 5.443498852445693981e-01 -1.298939149605806975e-01 -2.206011303832324244e-01 4.031606155020785454e-01 4.333152905450273207e-01 1.658445184894839497e-01 -5.267479670848594919e-01 0.000000000000000000e+00
-7.715604893500058736e-01 1.773926261989580810e+00 -8.987353063053192814e-01 -7.531826850643691396e-01 -1.560602440140463232e+00 -1.922459892801574810e+00 -1.531640148870814899e+00 -1.782448837650987938e+00 -3.179645268991039275e-01 -1.396619291863676393e+00 0.000000000000000000e+00
8.439760799448560169e-01 -5.496919166522287181e-01 8.561314311263684695e-01 7.613190279144910200e-01 8.587417513154042004e-01 1.187782846296382838e-01 7.894513836520652417e-01 1.139180452518862019e+00 -7.699904963132595537e-01 -2.775814350719447710e-01 1.000000000000000000e+00
-8.695687384683691012e-02 7.806756481397719716e-01 -1.563826745904853821e-01 -1.556610855799669957e-01 -1.551760982962385294e+00 -6.353981931767409552e-01 -5.060869687354351276e-01 -8.935925811654493733e-01 -1.677573888027618532e+00 -1.230016817795869244e+00 0.000000000000000000e+00
1.138291652964910750e+00 -3.279639891868952883e-01 1.059580527134894368e+00 1.143869884727247266e+00 -4.642617500588011037e-01 -5.044096470314226588e-01 7.107986785124956533e-03 8.307351716563461386e-01 -1.370337486941434202e+00 -8.570041988652923326e-01 0.000000000000000000e+00
-4.132632700212445775e-01 -5.564795062685138349e-01 -2.793984070607577475e-01 -4.782599424444555769e-01 -1.290901461266263364e-03 9.205869610343149212e-01 9.330901891374393520e-01 1.319879777024156042e-01 7.379398860292750717e-01 4.964566081634433914e-01 0.000000000000000000e+00
1.497752174953811688e-01 -3.189138696985144850e-01 1.274997849562959917e-01 6.758874279882082226e-02 -2.022331100539464521e-01 -2.781567036895090106e-01 -5.535017200607040833e-01 -2.927174474852023422e-01 6.143390350175919057e-01 -2.421968388097560376e-01 1.000000000000000000e+00
-1.190640272672039535e+00 5.702603700349140325e-01 -1.105969501774469510e+00 -1.106043027617030994e+00 1.091834713282912928e+00 4.998358734160192607e-01 -2.927205877717241611e-01 -5.901891943170324284e-01 1.175840043899238019e+00 1.468058647196053279e+00 0.000000000000000000e+00
-7.971531478734888987e-01 -6.560308206407046150e-01 -8.727127475135304513e-01 -8.034281707352983748e-01 -8.412293333786687866e-01 -1.130177656116557516e+00 -1.141165726192127972e+00 -1.309103964327357872e+00 -1.345617316739098346e+00 -4.810428635795321872e-01 0.000000000000000000e+00
2.267567710313595608e+00 -8.361076300060911459e-02 2.355977092398529482e+00 2.448539597887170238e+00 3.085985191356234100e-02 1.343322723594206680e+00 1.036287000845378392e+00 1.767934294277067497e+00 1.729074242615803447e-01 7.338282747556289509e-01 0.000000000000000000e+00
1.080708171287074082e+00 7.060121623606286922e-01 1.291417869098099303e+00 1.038240170532680251e+00 5.854603476293593900e-01 1.601330466001651853e+00 2.241179505111040804e+00 1.776831754301947619e+00 7.308769802571787322e-01 9.402384196183987131e-01 0.000000000000000000e+00
-3.012953889810061625e-01 1.382508594117104694e+00 -3.503690219474530632e-01 -3.574994854058016758e-01 -1.452093647500415585e+00 -8.060802381539741157e-01 -8.950273847535985539e-01 -1.022309169525383865e+00 -1.243205183043703421e+00 -8.746964969963861858e-01 0.000000000000000000e+00
1.403815485146045816e+00 1.961716241373486103e+00 1.466478719151947274e+00 1.437920170187798830e+00 -1.272049428601373933e+00 5.831922209630402421e-01 6.778872628867264050e-01 4.006912704537999859e-01 -5.157258885177966601e-01 -7.759144990977753231e-01 0.000000000000000000e+00
2.158798911588793334e+00 7.942508273723430934e-01 2.180916242344681510e+00 2.088827598197563251e+00 -7.134300887137235980e-01 1.696594863198247038e+00 1.582951192595539736e+00 1.465420653431138032e+00 1.288846536252776120e+00 9.837990021381438910e-02 0.000000000000000000e+00
5.560586715556731230e-01 -2.465129137914668089e-01 4.350391161319758226e-01 4.101715996460653102e-01 -9.875152612341400182e-01 -4.607467983163163194e-01 -1.287733089847592050e+00 3.589540943370896769e-02 1.022783665406184900e-01 -1.215273236019956737e+00 0.000000000000000000e+00
1.401779705490746875e-01 4.503462868138670139e-01 2.032017741687707491e-01 3.333045711409636513e-02 1.051646271564377066e+00 6.149470200285718224e-01 5.398266634396190478e-01 1.020547652187124843e+00 1.375928954010994243e-01 9.543118385863311182e-02 0.000000000000000000e+00
1.557371436286943744e+00 1.805601680198914316e+00 1.409702227242591643e+00 1.554969312943940807e+00 7.462141145035036116e-01 5.355600223647424274e-01 2.104513457173499802e+00 2.132730155297157815e+00 5.543043359547741300e-01 8.281871981214649070e-01 0.000000000000000000e+00
7.735962690052782254e-01 1.230919092686723948e+00 7.141902013529777271e-01 7.270607422297664657e-01 -9.537569701905693753e-01 -5.202870465641884490e-01 -2.955096907908573711e-01 -1.043878769585698113e-01 -1.207890654183222390e+00 -1.150401476205943796e+00 0.000000000000000000e+00
1.592561341756732807e+00 -1.120980709356141775e-02 1.475941467803507434e+00 1.751954455631106411e+00 -2.145746151562347048e+00 -1.018043521916398797e+00 -1.228185740389092340e+00 -7.064493386421343279e-01 -7.558646847690667636e-01 -1.443798753546595259e+00 0.000000000000000000e+00
1.240662287058842628e+00 1.969429411392000784e-01 1.386045355613693131e+00 1.303741884589294742e+00 3.523673856618506073e-01 1.011882008347718465e+00 1.133905606515049680e+00 1.314163833008173743e+00 -2.049580345455647712e-01 3.401746413387738976e-01 1.000000000000000000e+00
