   6.8524993e-01
   6.8355113e-01
   6.8192563e-01
   6.8037004e-01
   6.7888120e-01
   6.7745621e-01
   6.7609235e-01
   6.7478708e-01
   6.7353800e-01
   6.7234284e-01
   6.7119947e-01
   6.7010585e-01
   6.6906001e-01
   6.6806011e-01
   6.6710435e-01
   6.6619103e-01
   6.6531850e-01
   6.6448518e-01
   6.6368955e-01
   6.6293012e-01
   6.6220545e-01
   6.6151410e-01
   6.6085465e-01
   6.6022560e-01
   6.5962543e-01
   6.5905255e-01
   6.5850532e-01
   6.5798213e-01
   6.5748137e-01
   6.5700157e-01
   6.5654138e-01
   6.5609956e-01
   6.5567499e-01
   6.5526665e-01
   6.5487360e-01
   6.5449494e-01
   6.5412987e-01
   6.5377763e-01
   6.5343760e-01
   6.5310922e-01
   6.5279202e-01
   6.5248559e-01
   6.5218957e-01
   6.5190358e-01
   6.5162726e-01
   6.5136023e-01
   6.5110213e-01
   6.5085255e-01
   6.5061113e-01
   6.5037747e-01
   6.5015120e-01
   6.4993193e-01
   6.4971929e-01
   6.4951292e-01
   6.4931247e-01
   6.4911759e-01
   6.4892794e-01
   6.4874319e-01
   6.4856304e-01
   6.4838716e-01
   6.4821525e-01
   6.4804704e-01
   6.4788223e-01
   6.4772055e-01
   6.4756173e-01
   6.4740552e-01
   6.4725166e-01
   6.4709991e-01
   6.4695002e-01
   6.4680176e-01
   6.4665489e-01
   6.4650920e-01
   6.4636446e-01
   6.4622045e-01
   6.4607697e-01
   6.4593380e-01
   6.4579075e-01
   6.4564763e-01
   6.4550425e-01
   6.4536043e-01
   6.4521599e-01
   6.4507079e-01
   6.4492466e-01
   6.4477745e-01
   6.4462904e-01
   6.4447929e-01
   6.4432807e-01
   6.4417529e-01
   6.4402082e-01
   6.4386456e-01
   6.4370643e-01
   6.4354632e-01
   6.4338414e-01
   6.4321981e-01
   6.4305325e-01
   6.4288438e-01
   6.4271310e-01
   6.4253935e-01
   6.4236305e-01
   6.4218413e-01
   6.4200252e-01
   6.4181813e-01
   6.4163092e-01
   6.4144082e-01
   6.4124774e-01
   6.4105163e-01
   6.4085240e-01
   6.4064996e-01
   6.4044423e-01
   6.4023510e-01
   6.4002247e-01
   6.3980621e-01
   6.3958621e-01
   6.3936234e-01
   6.3913447e-01
   6.3890248e-01
   6.3866623e-01
   6.3842559e-01
   6.3818043e-01
   6.3793063e-01
   6.3767605e-01
   6.3741658e-01
   6.3715209e-01
   6.3688246e-01
   6.3660757e-01
   6.3632731e-01
   6.3604157e-01
   6.3575023e-01
   6.3545319e-01
   6.3515035e-01
   6.3484159e-01
   6.3452682e-01
   6.3420594e-01
   6.3387886e-01
   6.3354547e-01
   6.3320569e-01
   6.3285942e-01
   6.3250658e-01
   6.3214707e-01
   6.3178081e-01
   6.3140771e-01
   6.3102769e-01
   6.3064065e-01
   6.3024652e-01
   6.2984521e-01
   6.2943663e-01
   6.2902071e-01
   6.2859737e-01
   6.2816654e-01
   6.2772813e-01
   6.2728208e-01
   6.2682834e-01
   6.2636684e-01
   6.2589753e-01
   6.2542036e-01
   6.2493529e-01
   6.2444229e-01
   6.2394132e-01
   6.2343235e-01
   6.2291536e-01
   6.2239033e-01
   6.2185723e-01
   6.2131604e-01
   6.2076676e-01
   6.2020935e-01
   6.1964380e-01
   6.1907010e-01
   6.1848823e-01
   6.1789819e-01
   6.1729997e-01
   6.1669357e-01
   6.1607899e-01
   6.1545623e-01
   6.1482531e-01
   6.1418625e-01
   6.1353908e-01
   6.1288382e-01
   6.1222052e-01
   6.1154922e-01
   6.1086997e-01
   6.1018284e-01
   6.0948788e-01
   6.0878516e-01
   6.0807478e-01
   6.0735679e-01
   6.0663130e-01
   6.0589840e-01
   6.0515817e-01
   6.0441073e-01
   6.0365617e-01
   6.0289460e-01
   6.0212614e-01
   6.0135088e-01
   6.0056896e-01
   5.9978048e-01
   5.9898556e-01
   5.9818433e-01
   5.9737689e-01
   5.9656337e-01
   5.9574389e-01
