   6.8910273e-01
   6.8709748e-01
   6.8518374e-01
   6.8335503e-01
   6.8160569e-01
   6.7993077e-01
   6.7832593e-01
   6.7678736e-01
   6.7531169e-01
   6.7389595e-01
   6.7253746e-01
   6.7123385e-01
   6.6998295e-01
   6.6878281e-01
   6.6763164e-01
   6.6652776e-01
   6.6546962e-01
   6.6445575e-01
   6.6348468e-01
   6.6255499e-01
   6.6166520e-01
   6.6081374e-01
   6.5999887e-01
   6.5921857e-01
   6.5847029e-01
   6.5775064e-01
   6.5705463e-01
   6.5637474e-01
   6.5570063e-01
   6.5502366e-01
   6.5434773e-01
   6.5369057e-01
   6.5306941e-01
   6.5249150e-01
   6.5195328e-01
   6.5144723e-01
   6.5096755e-01
   6.5051059e-01
   6.5007397e-01
   6.4965605e-01
   6.4925551e-01
   6.4887129e-01
   6.4850245e-01
   6.4814815e-01
   6.4780763e-01
   6.4748020e-01
   6.4716517e-01
   6.4686193e-01
   6.4656987e-01
   6.4628839e-01
   6.4601693e-01
   6.4575493e-01
   6.4550184e-01
   6.4525713e-01
   6.4502028e-01
   6.4479079e-01
   6.4456818e-01
   6.4435197e-01
   6.4414171e-01
   6.4393696e-01
   6.4373729e-01
   6.4354231e-01
   6.4335161e-01
   6.4316483e-01
   6.4298162e-01
   6.4280162e-01
   6.4262452e-01
   6.4245001e-01
   6.4227778e-01
   6.4210755e-01
   6.4193905e-01
   6.4177203e-01
   6.4160622e-01
   6.4144139e-01
   6.4127732e-01
   6.4111377e-01
   6.4095054e-01
   6.4078741e-01
   6.4062419e-01
   6.4046069e-01
   6.4029670e-01
   6.4013204e-01
   6.3996653e-01
   6.3980000e-01
   6.3963226e-01
   6.3946314e-01
   6.3929248e-01
   6.3912010e-01
   6.3894585e-01
   6.3876956e-01
   6.3859108e-01
   6.3841025e-01
   6.3822691e-01
   6.3804093e-01
   6.3785214e-01
   6.3766041e-01
   6.3746559e-01
   6.3726755e-01
   6.3706614e-01
   6.3686124e-01
   6.3665270e-01
   6.3644040e-01
   6.3622421e-01
   6.3600400e-01
   6.3577964e-01
   6.3555100e-01
   6.3531797e-01
   6.3508041e-01
   6.3483821e-01
   6.3459123e-01
   6.3433935e-01
   6.3408245e-01
   6.3382039e-01
   6.3355306e-01
   6.3328031e-01
   6.3300201e-01
   6.3271804e-01
   6.3242825e-01
   6.3213251e-01
   6.3183068e-01
   6.3152262e-01
   6.3120819e-01
   6.3088723e-01
   6.3055961e-01
   6.3022518e-01
   6.2988377e-01
   6.2953525e-01
   6.2917946e-01
   6.2881625e-01
   6.2844545e-01
   6.2806691e-01
   6.2768047e-01
   6.2728598e-01
   6.2688326e-01
   6.2647218e-01
   6.2605255e-01
   6.2562422e-01
   6.2518704e-01
   6.2474084e-01
   6.2428547e-01
   6.2382077e-01
   6.2334658e-01
   6.2286275e-01
   6.2236913e-01
   6.2186558e-01
   6.2135194e-01
   6.2082807e-01
   6.2029384e-01
   6.1974912e-01
   6.1919376e-01
   6.1862765e-01
   6.1805066e-01
   6.1746268e-01
   6.1686360e-01
   6.1625331e-01
   6.1563172e-01
   6.1499874e-01
   6.1435428e-01
   6.1369826e-01
   6.1303061e-01
   6.1235128e-01
   6.1166021e-01
   6.1095734e-01
   6.1024265e-01
   6.0951611e-01
   6.0877769e-01
   6.0802737e-01
   6.0726516e-01
   6.0649106e-01
   6.0570508e-01
   6.0490724e-01
   6.0409757e-01
   6.0327610e-01
   6.0244288e-01
   6.0159796e-01
   6.0074139e-01
   5.9987326e-01
   5.9899364e-01
   5.9810262e-01
   5.9720029e-01
   5.9628677e-01
   5.9536217e-01
   5.9442663e-01
   5.9348028e-01
   5.9252327e-01
   5.9155577e-01
   5.9057795e-01
   5.8958998e-01
   5.8859206e-01
   5.8758439e-01
   5.8656718e-01
   5.8554064e-01
   5.8450501e-01
   5.8346050e-01
   5.8240737e-01
   5.8134586e-01
   5.8027622e-01
   5.7919872e-01
   5.7811360e-01
   5.7702114e-01
