   7.0584730e-01
   7.0327500e-01
   7.0081527e-01
   6.9846077e-01
   6.9620497e-01
   6.9404204e-01
   6.9196678e-01
   6.8997449e-01
   6.8806096e-01
   6.8622236e-01
   6.8445522e-01
   6.8275635e-01
   6.8112285e-01
   6.7955202e-01
   6.7804136e-01
   6.7658854e-01
   6.7519138e-01
   6.7384781e-01
   6.7255588e-01
   6.7131374e-01
   6.7011962e-01
   6.6897184e-01
   6.6786877e-01
   6.6680885e-01
   6.6579061e-01
   6.6481258e-01
   6.6387339e-01
   6.6297166e-01
   6.6210607e-01
   6.6127531e-01
   6.6047805e-01
   6.5971299e-01
   6.5897881e-01
   6.5827418e-01
   6.5759780e-01
   6.5694838e-01
   6.5632468e-01
   6.5572551e-01
   6.5514973e-01
   6.5459629e-01
   6.5406421e-01
   6.5355256e-01
   6.5306049e-01
   6.5258719e-01
   6.5213191e-01
   6.5169394e-01
   6.5127259e-01
   6.5086719e-01
   6.5047712e-01
   6.5010175e-01
   6.4974050e-01
   6.4939277e-01
   6.4905799e-01
   6.4873562e-01
   6.4842512e-01
   6.4812596e-01
   6.4783763e-01
   6.4755962e-01
   6.4729145e-01
   6.4703264e-01
   6.4678271e-01
   6.4654123e-01
   6.4630772e-01
   6.4608177e-01
   6.4586294e-01
   6.4565081e-01
   6.4544499e-01
   6.4524508e-01
   6.4505069e-01
   6.4486146e-01
   6.4467702e-01
   6.4449702e-01
   6.4432112e-01
   6.4414898e-01
   6.4398030e-01
   6.4381475e-01
   6.4365204e-01
   6.4349186e-01
   6.4333394e-01
   6.4317799e-01
   6.4302373e-01
   6.4287091e-01
   6.4271924e-01
   6.4256848e-01
   6.4241835e-01
   6.4226861e-01
   6.4211898e-01
   6.4196920e-01
   6.4181901e-01
   6.4166814e-01
   6.4151630e-01
   6.4136322e-01
   6.4120860e-01
   6.4105215e-01
   6.4089357e-01
   6.4073252e-01
   6.4056872e-01
   6.4040183e-01
   6.4023154e-01
   6.4005755e-01
   6.3987957e-01
   6.3969734e-01
   6.3951060e-01
   6.3931916e-01
   6.3912286e-01
   6.3892159e-01
   6.3871525e-01
   6.3850383e-01
   6.3828730e-01
   6.3806568e-01
   6.3783899e-01
   6.3760727e-01
   6.3737054e-01
   6.3712880e-01
   6.3688208e-01
   6.3663035e-01
   6.3637359e-01
   6.3611178e-01
   6.3584486e-01
   6.3557277e-01
   6.3529546e-01
   6.3501286e-01
   6.3472488e-01
   6.3443145e-01
   6.3413249e-01
   6.3382790e-01
   6.3351761e-01
   6.3320152e-01
   6.3287954e-01
   6.3255158e-01
   6.3221755e-01
   6.3187737e-01
   6.3153094e-01
   6.3117817e-01
   6.3081899e-01
   6.3045330e-01
   6.3008104e-01
   6.2970210e-01
   6.2931643e-01
   6.2892395e-01
   6.2852457e-01
   6.2811824e-01
   6.2770489e-01
   6.2728446e-01
   6.2685687e-01
   6.2642208e-01
   6.2598002e-01
   6.2553064e-01
   6.2507389e-01
   6.2460973e-01
   6.2413811e-01
   6.2365898e-01
   6.2317231e-01
   6.2267807e-01
   6.2217624e-01
   6.2166679e-01
   6.2114973e-01
   6.2062504e-01
   6.2009277e-01
   6.1955293e-01
   6.1900559e-01
   6.1845084e-01
   6.1788879e-01
   6.1731959e-01
   6.1674343e-01
   6.1616055e-01
   6.1557122e-01
   6.1497576e-01
   6.1437450e-01
   6.1376779e-01
   6.1315599e-01
   6.1253941e-01
   6.1191834e-01
   6.1129298e-01
   6.1066347e-01
   6.1002986e-01
   6.0939216e-01
   6.0875030e-01
   6.0810420e-01
   6.0745376e-01
   6.0679890e-01
   6.0613954e-01
   6.0547564e-01
   6.0480721e-01
   6.0413427e-01
   6.0345687e-01
   6.0277509e-01
   6.0208903e-01
   6.0139880e-01
   6.0070455e-01
   6.0000639e-01
   5.9930448e-01
   5.9859897e-01
   5.9789000e-01
   5.9717772e-01
   5.9646228e-01
   5.9574382e-01
   5.9502250e-01
   5.9429846e-01
   5.9357183e-01
