   7.0566012e-01
   7.0371255e-01
   7.0184368e-01
   7.0004734e-01
   6.9831807e-01
   6.9665109e-01
   6.9504218e-01
   6.9348761e-01
   6.9198407e-01
   6.9052864e-01
   6.8911872e-01
   6.8775201e-01
   6.8642643e-01
   6.8514017e-01
   6.8389158e-01
   6.8267919e-01
   6.8150167e-01
   6.8035785e-01
   6.7924663e-01
   6.7816705e-01
   6.7711820e-01
   6.7609929e-01
   6.7510955e-01
   6.7414829e-01
   6.7321487e-01
   6.7230868e-01
   6.7142912e-01
   6.7057562e-01
   6.6974761e-01
   6.6894450e-01
   6.6816570e-01
   6.6741059e-01
   6.6667852e-01
   6.6596884e-01
   6.6528089e-01
   6.6461402e-01
   6.6396766e-01
   6.6334129e-01
   6.6273448e-01
   6.6214692e-01
   6.6157841e-01
   6.6102884e-01
   6.6049821e-01
   6.5998662e-01
   6.5949424e-01
   6.5902137e-01
   6.5856849e-01
   6.5813626e-01
   6.5772564e-01
   6.5733801e-01
   6.5697521e-01
   6.5663964e-01
   6.5633407e-01
   6.5606118e-01
   6.5582240e-01
   6.5561626e-01
   6.5543688e-01
   6.5527414e-01
   6.5511613e-01
   6.5495246e-01
   6.5477664e-01
   6.5458655e-01
   6.5438334e-01
   6.5416966e-01
   6.5394827e-01
   6.5372141e-01
   6.5349070e-01
   6.5325734e-01
   6.5302264e-01
   6.5278843e-01
   6.5255706e-01
   6.5233083e-01
   6.5211125e-01
   6.5189888e-01
   6.5169368e-01
   6.5149528e-01
   6.5130323e-01
   6.5111706e-01
   6.5093629e-01
   6.5076046e-01
   6.5058914e-01
   6.5042196e-01
   6.5025855e-01
   6.5009861e-01
   6.4994182e-01
   6.4978791e-01
   6.4963664e-01
   6.4948774e-01
   6.4934099e-01
   6.4919616e-01
   6.4905305e-01
   6.4891143e-01
   6.4877112e-01
   6.4863190e-01
   6.4849360e-01
   6.4835601e-01
   6.4821895e-01
   6.4808225e-01
   6.4794571e-01
   6.4780917e-01
   6.4767245e-01
   6.4753537e-01
   6.4739777e-01
   6.4725948e-01
   6.4712034e-01
   6.4698017e-01
   6.4683882e-01
   6.4669612e-01
   6.4655192e-01
   6.4640605e-01
   6.4625837e-01
   6.4610871e-01
   6.4595692e-01
   6.4580285e-01
   6.4564636e-01
   6.4548728e-01
   6.4532547e-01
   6.4516079e-01
   6.4499310e-01
   6.4482225e-01
   6.4464811e-01
   6.4447053e-01
   6.4428939e-01
   6.4410455e-01
   6.4391588e-01
   6.4372326e-01
   6.4352656e-01
   6.4332567e-01
   6.4312047e-01
   6.4291084e-01
   6.4269668e-01
   6.4247788e-01
   6.4225433e-01
   6.4202593e-01
   6.4179259e-01
   6.4155420e-01
   6.4131066e-01
   6.4106189e-01
   6.4080779e-01
   6.4054826e-01
   6.4028322e-01
   6.4001257e-01
   6.3973622e-01
   6.3945409e-01
   6.3916608e-01
   6.3887212e-01
   6.3857211e-01
   6.3826598e-01
   6.3795364e-01
   6.3763501e-01
   6.3731002e-01
   6.3697860e-01
   6.3664068e-01
   6.3629619e-01
   6.3594507e-01
   6.3558727e-01
   6.3522274e-01
   6.3485143e-01
   6.3447331e-01
   6.3408834e-01
   6.3369652e-01
   6.3329785e-01
   6.3289232e-01
   6.3247995e-01
   6.3206079e-01
   6.3163488e-01
   6.3120226e-01
   6.3076301e-01
   6.3031718e-01
   6.2986482e-01
   6.2940600e-01
   6.2894073e-01
   6.2846905e-01
   6.2799097e-01
   6.2750651e-01
   6.2701564e-01
   6.2651838e-01
   6.2601472e-01
   6.2550464e-01
   6.2498814e-01
   6.2446523e-01
   6.2393590e-01
   6.2340015e-01
   6.2285801e-01
   6.2230948e-01
   6.2175459e-01
   6.2119337e-01
   6.2062585e-01
   6.2005208e-01
   6.1947209e-01
   6.1888594e-01
   6.1829368e-01
   6.1769538e-01
   6.1709109e-01
   6.1648088e-01
   6.1586482e-01
   6.1524299e-01
   6.1461544e-01
   6.1398227e-01
   6.1334355e-01
