   6.8366873e-01
   6.8211675e-01
   6.8063176e-01
   6.7921082e-01
   6.7785112e-01
   6.7654997e-01
   6.7530476e-01
   6.7411301e-01
   6.7297234e-01
   6.7188046e-01
   6.7083519e-01
   6.6983442e-01
   6.6887614e-01
   6.6795842e-01
   6.6707941e-01
   6.6623733e-01
   6.6543049e-01
   6.6465725e-01
   6.6391606e-01
   6.6320541e-01
   6.6252385e-01
   6.6187002e-01
   6.6124257e-01
   6.6064025e-01
   6.6006183e-01
   6.5950614e-01
   6.5897205e-01
   6.5845851e-01
   6.5796447e-01
   6.5748895e-01
   6.5703103e-01
   6.5658980e-01
   6.5616442e-01
   6.5575407e-01
   6.5535799e-01
   6.5497543e-01
   6.5460571e-01
   6.5424817e-01
   6.5390217e-01
   6.5356712e-01
   6.5324246e-01
   6.5292767e-01
   6.5262225e-01
   6.5232573e-01
   6.5203769e-01
   6.5175771e-01
   6.5148542e-01
   6.5122043e-01
   6.5096243e-01
   6.5071106e-01
   6.5046603e-01
   6.5022704e-01
   6.4999380e-01
   6.4976607e-01
   6.4954359e-01
   6.4932617e-01
   6.4911359e-01
   6.4890568e-01
   6.4870228e-01
   6.4850322e-01
   6.4830837e-01
   6.4811757e-01
   6.4793066e-01
   6.4774749e-01
   6.4756791e-01
   6.4739178e-01
   6.4721897e-01
   6.4704942e-01
   6.4688308e-01
   6.4671998e-01
   6.4656017e-01
   6.4640373e-01
   6.4625073e-01
   6.4610123e-01
   6.4595526e-01
   6.4581277e-01
   6.4567369e-01
   6.4553790e-01
   6.4540523e-01
   6.4527552e-01
   6.4514858e-01
   6.4502421e-01
   6.4490223e-01
   6.4478245e-01
   6.4466470e-01
   6.4454882e-01
   6.4443463e-01
   6.4432199e-01
   6.4421075e-01
   6.4410076e-01
   6.4399189e-01
   6.4388401e-01
   6.4377699e-01
   6.4367071e-01
   6.4356505e-01
   6.4345990e-01
   6.4335515e-01
   6.4325070e-01
   6.4314644e-01
   6.4304228e-01
   6.4293814e-01
   6.4283392e-01
   6.4272956e-01
   6.4262496e-01
   6.4252006e-01
   6.4241480e-01
   6.4230910e-01
   6.4220291e-01
   6.4209618e-01
   6.4198883e-01
   6.4188083e-01
   6.4177212e-01
   6.4166264e-01
   6.4155234e-01
   6.4144118e-01
   6.4132909e-01
   6.4121603e-01
   6.4110195e-01
   6.4098679e-01
   6.4087050e-01
   6.4075302e-01
   6.4063430e-01
   6.4051429e-01
   6.4039293e-01
   6.4027017e-01
   6.4014595e-01
   6.4002022e-01
   6.3989292e-01
   6.3976401e-01
   6.3963342e-01
   6.3950109e-01
   6.3936699e-01
   6.3923104e-01
   6.3909320e-01
   6.3895340e-01
   6.3881160e-01
   6.3866773e-01
   6.3852173e-01
   6.3837356e-01
   6.3822314e-01
   6.3807043e-01
   6.3791535e-01
   6.3775785e-01
   6.3759787e-01
   6.3743535e-01
   6.3727022e-01
   6.3710243e-01
   6.3693190e-01
   6.3675859e-01
   6.3658242e-01
   6.3640333e-01
   6.3622126e-01
   6.3603616e-01
   6.3584796e-01
   6.3565660e-01
   6.3546202e-01
   6.3526416e-01
   6.3506297e-01
   6.3485838e-01
   6.3465035e-01
   6.3443882e-01
   6.3422373e-01
   6.3400503e-01
   6.3378267e-01
   6.3355660e-01
   6.3332677e-01
   6.3309313e-01
   6.3285563e-01
   6.3261424e-01
   6.3236891e-01
   6.3211959e-01
   6.3186624e-01
   6.3160883e-01
   6.3134731e-01
   6.3108165e-01
   6.3081182e-01
   6.3053777e-01
   6.3025949e-01
   6.2997693e-01
   6.2969007e-01
   6.2939887e-01
   6.2910332e-01
   6.2880339e-01
   6.2849906e-01
   6.2819029e-01
   6.2787707e-01
   6.2755939e-01
   6.2723721e-01
   6.2691054e-01
   6.2657934e-01
   6.2624360e-01
   6.2590331e-01
   6.2555847e-01
   6.2520905e-01
   6.2485505e-01
   6.2449646e-01
   6.2413328e-01
   6.2376550e-01
   6.2339311e-01
   6.2301611e-01
