   6.8684967e-01
   6.8501310e-01
   6.8325284e-01
   6.8156516e-01
   6.7994672e-01
   6.7839446e-01
   6.7690558e-01
   6.7547750e-01
   6.7410784e-01
   6.7279435e-01
   6.7153492e-01
   6.7032758e-01
   6.6917042e-01
   6.6806164e-01
   6.6699951e-01
   6.6598236e-01
   6.6500858e-01
   6.6407663e-01
   6.6318498e-01
   6.6233217e-01
   6.6151679e-01
   6.6073743e-01
   6.5999274e-01
   6.5928141e-01
   6.5860215e-01
   6.5795370e-01
   6.5733484e-01
   6.5674438e-01
   6.5618116e-01
   6.5564406e-01
   6.5513196e-01
   6.5464381e-01
   6.5417856e-01
   6.5373522e-01
   6.5331280e-01
   6.5291037e-01
   6.5252700e-01
   6.5216181e-01
   6.5181395e-01
   6.5148260e-01
   6.5116695e-01
   6.5086623e-01
   6.5057972e-01
   6.5030668e-01
   6.5004645e-01
   6.4979836e-01
   6.4956178e-01
   6.4933610e-01
   6.4912074e-01
   6.4891513e-01
   6.4871875e-01
   6.4853107e-01
   6.4835161e-01
   6.4817989e-01
   6.4801546e-01
   6.4785788e-01
   6.4770675e-01
   6.4756166e-01
   6.4742224e-01
   6.4728812e-01
   6.4715895e-01
   6.4703441e-01
   6.4691418e-01
   6.4679796e-01
   6.4668547e-01
   6.4657642e-01
   6.4647058e-01
   6.4636770e-01
   6.4626754e-01
   6.4616990e-01
   6.4607457e-01
   6.4598136e-01
   6.4589008e-01
   6.4580057e-01
   6.4571267e-01
   6.4562621e-01
   6.4554106e-01
   6.4545707e-01
   6.4537411e-01
   6.4529206e-01
   6.4521080e-01
   6.4513020e-01
   6.4505017e-01
   6.4497059e-01
   6.4489137e-01
   6.4481241e-01
   6.4473360e-01
   6.4465487e-01
   6.4457613e-01
   6.4449729e-01
   6.4441827e-01
   6.4433900e-01
   6.4425939e-01
   6.4417938e-01
   6.4409890e-01
   6.4401787e-01
   6.4393624e-01
   6.4385393e-01
   6.4377088e-01
   6.4368703e-01
   6.4360232e-01
   6.4351668e-01
   6.4343007e-01
   6.4334241e-01
   6.4325365e-01
   6.4316372e-01
   6.4307256e-01
   6.4298011e-01
   6.4288630e-01
   6.4279105e-01
   6.4269429e-01
   6.4259595e-01
   6.4249593e-01
   6.4239414e-01
   6.4229051e-01
   6.4218493e-01
   6.4207731e-01
   6.4196755e-01
   6.4185555e-01
   6.4174121e-01
   6.4162444e-01
   6.4150514e-01
   6.4138321e-01
   6.4125853e-01
   6.4113099e-01
   6.4100046e-01
   6.4086680e-01
   6.4072983e-01
   6.4058937e-01
   6.4044522e-01
   6.4029717e-01
   6.4014501e-01
   6.3998854e-01
   6.3982759e-01
   6.3966200e-01
   6.3949167e-01
   6.3931650e-01
   6.3913645e-01
   6.3895146e-01
   6.3876153e-01
   6.3856664e-01
   6.3836678e-01
   6.3816196e-01
   6.3795217e-01
   6.3773741e-01
   6.3751767e-01
   6.3729296e-01
   6.3706324e-01
   6.3682852e-01
   6.3658877e-01
   6.3634395e-01
   6.3609404e-01
   6.3583900e-01
   6.3557879e-01
   6.3531335e-01
   6.3504262e-01
   6.3476657e-01
   6.3448511e-01
   6.3419818e-01
   6.3390572e-01
   6.3360766e-01
   6.3330393e-01
   6.3299446e-01
   6.3267919e-01
   6.3235803e-01
   6.3203093e-01
   6.3169782e-01
   6.3135863e-01
   6.3101329e-01
   6.3066176e-01
   6.3030396e-01
   6.2993985e-01
   6.2956936e-01
   6.2919245e-01
   6.2880907e-01
   6.2841916e-01
   6.2802270e-01
   6.2761963e-01
   6.2720993e-01
   6.2679355e-01
   6.2637048e-01
   6.2594068e-01
   6.2550413e-01
   6.2506083e-01
   6.2461074e-01
   6.2415388e-01
   6.2369022e-01
   6.2321977e-01
   6.2274253e-01
   6.2225852e-01
   6.2176774e-01
   6.2127020e-01
   6.2076594e-01
   6.2025497e-01
   6.1973733e-01
   6.1921305e-01
   6.1868217e-01
   6.1814473e-01
   6.1760079e-01
   6.1705038e-01
