-1.927471207040817314e-01 -6.385733659568002540e-01 -2.684241834415178052e-01 -2.467882625713759270e-01 -5.811265290403824224e-01 -7.111286647092366353e-01 -9.830696988604467057e-01 -9.650971032947132100e-01 -5.382331478798021429e-01 -2.701149990380425359e-01 0.000000000000000000e+00
-1.779643186099677310e+00 -1.028805271155927015e+00 -1.748896390804859147e+00 -1.607418145209308813e+00 2.986563046747396366e-01 3.443394384511154205e-01 2.096735009731225674e-01 -4.233863392074229126e-01 2.060682229293948176e+00 9.130703502343985312e-01 0.000000000000000000e+00
1.199008593262357980e+00 -9.465114680186957896e-01 1.154779662013092123e+00 1.238833866503112668e+00 -3.376878811915385858e-01 -7.167528286692383954e-01 -5.916543949055474289e-02 9.732117244551229396e-01 -9.549503013801220463e-01 -3.765279289369891647e-01 0.000000000000000000e+00
2.443488570301131535e+00 4.206275195836843839e-01 2.396539192509345995e+00 2.870875484260423161e+00 -1.529723327041043968e+00 -6.961308941492314606e-01 -3.497118720413612269e-01 4.182525992896104494e-01 -7.290959662768945471e-01 -1.002362387946632571e+00 0.000000000000000000e+00
5.393973864975867144e-02 -4.394754551409196242e-01 -3.027852005867449903e-02 1.498121353718161880e-02 -1.214510974507282848e+00 -1.121317689525373140e+00 -1.154224924932042429e+00 -7.321467543359801988e-01 -4.364396447346856056e-01 -1.022380661888018683e+00 0.000000000000000000e+00
8.639562917519189034e-01 9.727923922463939110e-01 6.898286049323036906e-01 5.281636653352682620e-01 1.090386861508365390e+00 1.793639622910604137e-01 9.777847594407721443e-01 1.098335134638328547e+00 1.096824996388628515e+00 3.964145037077169975e-02 0.000000000000000000e+00
-1.179494558119440706e+00 -2.191404338380121553e-01 -1.360492154097126427e+00 -1.131019125933980130e+00 -1.079102851235737681e+00 -1.663862039533553938e+00 -1.582363461173575736e+00 -1.886962228320978152e+00 -1.374848501853726424e+00 -8.780383708369725593e-01 0.000000000000000000e+00
-4.320701932115377231e-01 -2.273830873457900026e+00 -4.158476893451822920e-01 -5.185571183948581853e-01 1.526948570416626350e+00 7.250484705102459848e-02 8.325115431653686837e-01 8.848893172669778373e-01 -2.042232156848889923e-01 5.948851539028966462e-01 0.000000000000000000e+00
1.640835804045354340e+00 1.623178900911603995e+00 1.863546517319172757e+00 1.531672843868757017e+00 6.686238545969939162e-01 2.466523972691822664e+00 1.592273766214891584e+00 2.353249336769891453e+00 1.160445935854326205e+00 9.415173710984739985e-01 0.000000000000000000e+00
-3.437047510549389728e-01 -3.862499469828042237e-02 -4.895594422970144799e-01 -4.124922692758380416e-01 -6.728784814211020704e-01 -1.193119516081397213e+00 -1.459632640527114278e+00 -1.242576665877469289e+00 -1.311227562388028733e+00 -1.006576761407977472e+00 0.000000000000000000e+00
-4.983442748289877433e-01 5.188491555861858284e-01 -6.188385167048436886e-01 -6.124798635743268216e-01 -1.072443435337137485e+00 -8.704799769092895767e-01 -1.663015143312678967e+00 -1.951363983562334203e+00 -9.644934422999765777e-01 -1.974170568298512507e-01 0.000000000000000000e+00
6.172694323980784104e-01 -4.978775089802452425e-01 4.970440202890494263e-01 5.674469427867572247e-01 -1.419472997164212602e+00 -1.255172791773417673e+00 -1.196471044147763285e+00 -1.012570397158341295e+00 -1.301684421468174202e+00 -1.137222338709653835e+00 0.000000000000000000e+00
-8.886249776873009765e-01 7.073285111585529972e-01 -8.768296520362569568e-01 -9.721004126075024621e-01 1.802666886996177609e-01 1.681015739611560367e+00 7.473513819004772296e-01 -7.166903330780546311e-01 1.125454419148192775e+00 1.093234815706872087e+00 0.000000000000000000e+00
-6.529837986030365693e-01 7.312202604564587149e-01 -5.349205210366034802e-01 -7.524711795832692562e-01 -4.911319225217968681e-02 8.692614080512902630e-01 2.731261701508848616e-01 1.150123346103121280e-01 -9.326829725671276217e-01 1.766085878644643725e-01 0.000000000000000000e+00
-1.054310181730925056e+00 4.869934898556446123e-01 -1.088892695143836908e+00 -1.047095760469435755e+00 1.105185563505254986e+00 -4.674148931091551828e-01 -2.478536399402160306e-01 -7.505472558335104516e-01 -6.241214161584933695e-01 3.925952277583646954e-01 0.000000000000000000e+00
9.375941602157513710e-01 5.400862660732126397e-01 1.001686021266979143e+00 9.495660961785126197e-01 -1.467568778654105621e+00 -1.655847605890545249e-01 -7.003713596026792665e-01 -6.600167884656615858e-01 -8.372515633685810865e-01 -1.027648628714699308e+00 0.000000000000000000e+00
-8.039414289538937552e-01 -6.251674399618606381e-02 -8.700254902253190536e-01 -8.549648216612445450e-01 -4.693963289638616310e-01 -5.817728936291933772e-01 -5.901640920834079207e-01 -9.514807321865407230e-01 -2.551199672574468447e-01 -4.043164539477310526e-02 0.000000000000000000e+00
2.450852357147514482e+00 1.649725289020388397e+00 2.782108361795854190e+00 2.867304277219378861e+00 6.686238545969939162e-01 1.064232425331355092e+00 3.322193904850728075e+00 2.809581773908641278e+00 5.401417760637741150e-01 -2.901332729794287579e-01 0.000000000000000000e+00
-1.039582608038158051e+00 8.745707562438925775e-01 -1.036160441109063912e+00 -1.015312017804140376e+00 2.015305736314002338e+00 4.718204882111579068e-01 4.102298552696482387e-02 2.246793235355922513e-01 7.023751717013030360e-01 9.657500185012036775e-01 0.000000000000000000e+00
1.007550135256392920e+00 9.489006429484883043e-01 1.137769257485746976e+00 1.042417479245668188e+00 -4.738359395629290205e-01 2.112342247310706467e-01 7.139552402279707444e-01 7.266450043882172194e-01 2.856580182009831326e-01 -2.722221857687146529e-01 0.000000000000000000e+00
2.895809177340237239e-01 1.355060381012884285e+00 2.645684917486552656e-01 2.353246879696239413e-01 -3.302885301930942874e-01 -6.942561728292310219e-01 2.480790638965049977e-01 -7.244185437070174149e-01 -2.297352124106343041e+00 -6.725876645964334877e-01 0.000000000000000000e+00
-8.996706579568762852e-01 8.904985891091626860e-01 -9.618816746729865752e-01 -9.692434469746666892e-01 -7.720297848002659613e-01 -3.943007616291310247e-01 -6.987015525190538590e-01 -7.740998977503492640e-01 6.514784201287452392e-01 -7.520022645086411883e-02 0.000000000000000000e+00
-1.021173140922200462e+00 -9.358929127751823840e-01 -1.070181250163756426e+00 -1.082807830879880306e+00 -1.823015102241921925e-01 1.265436891000906727e-03 -9.072604572638569564e-01 -1.090588523507869390e+00 2.411233605749952547e-01 4.336853690064727540e-01 0.000000000000000000e+00
1.165871552453633386e+00 2.932048566615206853e-01 1.126428987800848880e+00 1.242405073544156968e+00 -8.312245927878273433e-01 -3.943007616291310247e-01 -4.365418403898778110e-01 4.619445900954914641e-02 2.029507968955764075e-01 -9.728617737172221558e-01 0.000000000000000000e+00
1.066460430027459161e+00 3.189415799329864853e+00 1.030036695479222386e+00 1.217406624256845982e+00 -1.543782093938090405e+00 -7.242517139492408162e-01 -6.486073400102940756e-01 -7.096981425089933238e-01 -1.915626487312156456e+00 -1.255224795627297496e+00 0.000000000000000000e+00
-1.080635719706738856e-01 9.410694584564001375e-02 -2.460838521622537092e-02 -1.867919842818294429e-01 -1.453047552319666758e-01 1.362453719310461053e-01 3.933522801719084305e-01 -4.212794817859599750e-02 -1.565075110856156693e-01 1.144465793096336448e-01 0.000000000000000000e+00
-1.400408163510938886e+00 4.976120450991580180e-01 -1.393378936183328642e+00 -1.353148203886944678e+00 2.764582516794037437e-01 5.299368491311771123e-01 2.697865559836346017e-01 -6.272638958000575915e-01 2.952011591208376085e-01 7.897999264900742444e-01 0.000000000000000000e+00
1.533508610759327651e-01 -3.651455684363248411e-01 2.021970084817204805e-01 4.605071479426844222e-02 6.686238545969939162e-01 1.043751094910353588e-01 6.287950789630792903e-01 8.591286151704352614e-01 3.206495349071174505e-01 -1.889883099071627826e-01 0.000000000000000000e+00
1.427285985500239995e+00 1.952354113460526230e+00 1.392925325395936165e+00 1.560242500197112525e+00 -9.969700551529969701e-01 -8.292361078692759291e-01 3.434375719246379743e-02 -8.297706150311313922e-02 -1.852005547846458766e+00 -9.612722466985251790e-01 0.000000000000000000e+00
2.421397209761982250e+00 1.729364453346739827e+00 2.475921080303627342e+00 2.813736171603712144e+00 -7.379927702074193796e-01 3.105944546911037496e-01 6.955873623080922608e-01 1.400103359197824471e+00 -3.855428931621277533e-01 -2.058458037525411621e-01 0.000000000000000000e+00
3.043084914267900065e-01 4.997224829538061464e+00 2.021970084817204805e-01 1.374736150450062699e-01 -5.137924349545324176e-01 -4.092985321891359773e-01 -1.944198132642059873e-01 9.035566260362146163e-02 -7.036475904906156487e-01 -5.672283280628233060e-01 0.000000000000000000e+00
1.018595815525966897e+00 8.082047859719323490e-01 1.092408178746157255e+00 9.745645454658237172e-01 -1.749021592257468949e-01 7.812901101102638635e-02 8.608982635869992794e-01 1.179564148499168547e-01 -1.660506520054701729e-01 -5.314061536413958731e-01 0.000000000000000000e+00
2.453981966557237104e-01 -8.960733306120065578e-01 1.795164691119255640e-01 1.646147885569441138e-01 -3.154898281962036921e-01 -8.911019114292965115e-01 -4.465606828916300342e-01 -7.819293111375559546e-02 -6.909234025974766435e-01 -9.391467860264668399e-01 0.000000000000000000e+00
1.037005282641925374e+00 -2.987795981643646126e-01 9.449846728424927678e-01 1.024561444040446023e+00 -1.157073512381864566e-01 -6.155178773892046040e-01 -2.578724824419682538e-01 9.393456014488625258e-03 -8.086221406090167152e-01 -9.033246116050394070e-01 0.000000000000000000e+00
-9.843542066902835064e-01 -9.040372470446411679e-01 -1.043531616404246964e+00 -9.988844654153358205e-01 3.356530596669651811e-01 -4.449182372691475318e-01 -9.259622966004604772e-01 -1.221600094170284700e+00 -3.887239401354122825e-01 -3.944390161477024925e-01 0.000000000000000000e+00
-4.836167011362208501e-01 -8.456351932053164377e-01 -3.761567454480415629e-01 -6.028376045635071012e-01 2.104097948295344356e+00 1.439176689331479908e+00 1.527151289953503799e+00 1.418503860695354835e+00 1.169989076774181624e+00 1.150128857435021468e+00 0.000000000000000000e+00
-3.584323247477051999e-01 7.285656216455799195e-01 2.075269352336363629e-02 -3.878509406926314296e-01 4.318446226467511639e-01 2.995195384931998550e+00 2.742770846832740084e+00 1.915317401128670882e+00 1.478550633182815099e+00 1.685354287025760955e+00 0.000000000000000000e+00
-4.062969392491967979e-01 3.478771429715612040e+00 -3.478060712357983753e-01 -4.899874620665026215e-01 9.147447671827711735e-02 2.299814379310769208e-01 3.632957526666527048e-01 -6.126446973602769214e-02 1.934076559757219316e-01 1.534295338270703635e-01 0.000000000000000000e+00
-3.768417918636636221e-01 -2.855064041099723560e-01 -5.576010604063984522e-01 -4.410619256041935499e-01 -1.972944451847906011e+00 -1.789843312237595851e+00 -1.857714649263391804e+00 -2.104456156021786040e+00 -1.537081897491255456e+00 -1.118257658133604115e+00 0.000000000000000000e+00
1.508287640810455521e+00 2.831039559861280086e+00 1.466637078347767575e+00 1.917363204301556934e+00 -7.675901742011995710e-01 -6.998803367892327820e-01 -2.779101674454722559e-01 2.963400766177170728e-02 -8.308894694220111399e-01 -8.748775907409647168e-01 0.000000000000000000e+00
4.773574823167965886e-01 1.068359389438016560e+00 3.042594356457959393e-01 4.170991263587860431e-01 -1.221910325505727979e+00 -1.525320133985507809e+00 -1.608913393803218295e+00 -1.406341129205488150e+00 -1.565711320250819716e+00 -1.047666902656084753e+00 0.000000000000000000e+00
9.302303733693682020e-01 1.631142817344239493e+00 9.279742683151469551e-01 9.138540257680681789e-01 -2.266976162148630347e-01 -1.187167275890388674e-01 6.471629568829576629e-01 4.042682181514877793e-01 -4.078102219751212343e-01 -2.996156132674536177e-01 0.000000000000000000e+00
1.132734511644908570e+00 -3.704548460580815439e-01 1.115088718115952116e+00 1.106699205984468248e+00 -2.414963182117526308e-01 -3.080635809091024635e-01 2.714563630672597316e-01 6.861639010936511074e-01 -4.300775507881156590e-01 -6.757484446924413302e-01 0.000000000000000000e+00
-1.448825062025907995e-01 -4.474393715735551780e-01 -5.862919427091772828e-02 -2.750007981956269498e-01 1.136725297136120250e-01 5.355610130911788724e-01 6.922477481408415567e-01 1.790460798217175797e-01 -4.905174432805288753e-01 1.892517082484970747e-01 0.000000000000000000e+00
-1.794370759792444314e+00 -6.146816166588946473e-01 -1.975134771018559832e+00 -1.610632231546248905e+00 -3.983625593787885055e-01 -1.733976616901577339e+00 -2.112193248807891166e+00 -1.858625456014781685e+00 -1.308046515414744260e+00 -2.290248577899351712e-01 0.000000000000000000e+00
1.272646461726190559e+00 9.037717831635548871e-01 1.409935729923281089e+00 1.303115593241912507e+00 2.172634436918432776e-01 6.030509806112012150e-01 1.251633121155325323e+00 1.558347672076584534e+00 6.960130777547330894e-01 1.016322500037337484e+00 0.000000000000000000e+00
5.841323915893538166e-01 -4.208929834647706647e-01 5.027141551314985302e-01 5.174500442121350297e-01 -5.626281515442697057e-01 -7.486230911092490725e-01 -6.736544462646739673e-01 -2.265009731838490692e-01 -7.100096844371855953e-01 -8.854135243943253020e-01 0.000000000000000000e+00
1.298419715688531983e+00 -2.111765174053766292e-01 1.205810875595130227e+00 1.399538183350112597e+00 -1.839756133875894539e+00 -1.237175467101411908e+00 -6.319092691740407775e-01 -3.089352198927847737e-01 -3.251030006697145369e-01 -1.483854555905231187e+00 0.000000000000000000e+00
1.364693797305981393e+00 2.799316626071293723e-01 1.477977348032665894e+00 1.363826112939668045e+00 8.832050335519028295e-01 6.724156694512245513e-01 1.722518718737666932e+00 2.382690139165939414e+00 1.713948109205897019e+00 1.745014011337915061e-01 0.000000000000000000e+00
1.570327544991236557e-01 1.445450832523301199e-01 1.114748510025416472e-01 1.303312009629173929e-01 5.058381326312021420e-01 -8.629810916292871559e-01 -4.246736865430147945e-02 5.036309262381508667e-01 -9.644934422999765777e-01 -4.566010247025324986e-01 0.000000000000000000e+00
7.866365298648941851e-01 2.586945521201016174e-01 7.408598185143417947e-01 7.495785018800238397e-01 -1.028787264446310967e+00 -2.143275149090711207e-01 -7.905409421184468322e-01 -9.109996288919740559e-01 -2.455768263375923410e-01 -4.439579043184990748e-01 0.000000000000000000e+00
-3.252952839389804951e-01 -3.279806250840269222e-01 -1.550214865925448604e-01 -4.410619256041935499e-01 1.423357656438394070e+00 1.589154394931529879e+00 2.305281390922905072e+00 1.418503860695354835e+00 1.096824996388628515e+00 1.157504010992374210e+00 0.000000000000000000e+00
1.401512731537898349e+00 3.516069105008463036e-01 1.358904516341244539e+00 1.467391117129956957e+00 -1.003629471051598054e+00 -7.223769926292401555e-01 -9.242924895168354027e-01 -2.872226281256988201e-01 -1.311227562388028733e+00 -9.981480144852882264e-01 0.000000000000000000e+00
1.313147289381298322e+00 1.692199509994442019e+00 1.353234381498794603e+00 1.256689901708334833e+00 -4.449784706689930425e-01 2.862230775310957154e-01 1.796169734678668140e-01 1.503146167583993886e+00 -4.936984902538134046e-01 -5.103342863346740366e-01 0.000000000000000000e+00
1.475150600001730927e+00 -8.243980827182887383e-01 1.415605864765731026e+00 1.617381812853823542e+00 -7.846086814976228618e-01 -8.254866652292746076e-01 -1.074103406542009989e-02 1.381969664972004519e-01 -1.460736770132418538e+00 -1.081381890346840180e+00 0.000000000000000000e+00
-2.044739512569475615e+00 -4.315115387082850140e-01 -2.071527063340186992e+00 -1.858831120898837730e+00 1.223575179480376862e+00 1.195462917731398900e+00 2.597677134818823785e-01 -8.090608505956564667e-01 5.274175881706342217e-01 1.523100908764001504e+00 0.000000000000000000e+00
-7.487130276060189882e-01 7.524573709434855262e-01 -8.995101914060518178e-01 -7.763982667582667307e-01 -1.349919097778828903e+00 -1.598621737597532233e+00 -1.159568307599643466e+00 -1.212399843421519519e+00 -1.282598139628464473e+00 -1.146704678997678695e+00 0.000000000000000000e+00
1.073824216873842330e+00 7.312202604564587149e-01 1.081067909061260490e+00 1.042417479245668188e+00 -3.006911261993130413e-01 -3.718041057891234291e-01 5.386254964473115026e-01 6.052016945045177732e-01 -1.310591352993367709e-01 -6.536229840203829911e-01 0.000000000000000000e+00
1.832294262051319400e+00 4.843388510447667605e-01 1.959938809640800805e+00 1.874508719809023560e+00 8.610069805565668810e-01 1.069856589291356963e+00 2.131621454225872014e+00 2.596135956537290568e+00 4.192619910789485704e-01 1.070714257522808743e-01 0.000000000000000000e+00
4.994488428559459292e-01 5.428736368246425692e-02 4.516829415494604261e-01 3.913864356632663077e-01 -1.083080002397411451e-01 -3.980502042691324016e-01 -5.550981433272760279e-01 9.513979299297950498e-02 -1.215159943794822811e-01 -4.587082114332046157e-01 0.000000000000000000e+00
-5.535726761768617887e-01 2.483281875636207836e+00 -7.441484967229592407e-01 -5.806961209090314435e-01 -1.617775603922541494e+00 -1.979377637689659020e+00 -1.778064851374463684e+00 -2.144201239256451341e+00 -5.668625706393656261e-01 -1.275243069568682941e+00 0.000000000000000000e+00
2.417163032325314875e-01 2.586945521201016174e-01 1.625060645845797791e-01 2.017553417838062468e-01 -3.450872321899838835e-01 -7.355000418692446695e-01 -6.953619383518033770e-01 -6.936069039494092980e-02 -8.945104088877088300e-01 -7.189457726712215058e-01 0.000000000000000000e+00
8.050459969808525518e-01 4.020450479075354799e-01 7.862208972539308505e-01 8.138602286188237889e-01 -2.414963182117526308e-01 -2.386988920690791549e-01 1.011360405374763793e-01 6.569899059693129484e-02 -2.773872960704412138e-01 -3.923318294170303755e-01 0.000000000000000000e+00
2.343525163861483740e-01 1.317895437660587366e+00 1.454956600572340220e-01 1.667575127815704716e-01 -1.609636317824251872e+00 -7.636208616692540252e-01 -5.500887220764001384e-01 -1.041275179494488334e+00 -1.791565655354046438e+00 -1.156187019285703554e+00 0.000000000000000000e+00
5.141764165487134886e-01 -9.571300232622091952e-01 4.346725370221146134e-01 3.853153836934905541e-01 -1.153836296320033927e+00 -5.330301393091770867e-01 -7.404467296096870488e-01 -8.506459839800749601e-01 -9.867607711129708914e-01 -7.631966940153381840e-01 0.000000000000000000e+00
1.644517697468546480e+00 1.712242033016638659e-02 1.602720314566535409e+00 1.792370957865001335e+00 -6.085041277346300292e-01 -6.398892545492128603e-01 6.440028469771957864e-02 1.098335134638328547e+00 -1.514814568678261031e+00 -8.896278978556703132e-01 0.000000000000000000e+00
3.558549993514731336e-01 7.630759261869989318e-01 5.197245596588443428e-01 3.513889168035683741e-01 -9.007784921732110428e-01 9.142547197313050100e-01 1.006171479862402851e+00 5.352797888139029236e-01 -1.063105898471807809e+00 9.109631635037271913e-01 0.000000000000000000e+00
-1.412006127793985766e-01 -2.509960995685523999e-01 -1.927845846431269772e-03 -2.367888828564516379e-01 -1.823015102241921925e-01 7.061606532112356671e-01 1.173152188224934944e+00 2.313035040747031257e-01 3.842704743728151962e-01 7.757081152287124970e-02 0.000000000000000000e+00
2.080269784103398051e-02 -6.782602161794276663e-02 -1.550214865925448604e-01 -8.751242854079366307e-02 -2.226742191094573275e+00 -1.509385002765502470e+00 -1.951223845946409963e+00 -2.303181572195112548e+00 -5.859488524790754660e-01 -1.242581675243263906e+00 0.000000000000000000e+00
6.835435140155278200e-01 -7.792692229333562093e-01 6.501376610351630170e-01 6.638695328949572039e-01 -2.858924242024234452e-01 -3.736788271091238678e-01 -7.085408907593165884e-02 2.272553937452465034e-01 -6.304835101050634272e-01 2.029484219978669179e-01 0.000000000000000000e+00
-1.035900714614966578e+00 1.071014028248894467e+00 -9.925004028222096375e-01 -1.022097311182124768e+00 8.240102255643413365e-01 3.087197333711033109e-01 -2.946082382817255541e-01 -6.648009188550195736e-01 7.787202990601407304e-01 7.718888392793616937e-01 0.000000000000000000e+00
-4.320701932115377231e-01 9.276635324614604938e-01 -3.421359363933500486e-01 -5.385558778247071521e-01 9.793965965316887567e-01 6.630420628512213588e-01 8.291719289981184238e-01 -1.673525611200440619e-02 -7.100096844371855953e-01 6.096354610176021316e-01 0.000000000000000000e+00
-5.830278235623949090e-01 -3.678002072472026929e-01 -7.129627550894910293e-01 -6.435493648314136728e-01 -9.555336895617051463e-01 -1.230988886745409738e+00 -1.310518867959372891e+00 -1.556857231455285762e+00 -1.492547239865267494e+00 -6.209615896949641778e-01 0.000000000000000000e+00
6.172694323980784104e-01 3.305025319543650197e-02 6.217869868229197738e-01 6.067302202382460763e-01 1.284712317105026480e-01 -5.030345981891672924e-01 5.939086344684368912e-02 3.258820817720086693e-01 -5.414141948530867277e-01 -5.935681621962258792e-01 0.000000000000000000e+00
1.199008593262357980e+00 -5.189818875267171450e-02 1.171790066540438602e+00 1.185265760887445952e+00 -1.009086492412958336e-01 -3.868018763491283263e-01 -2.044386557659577386e-01 3.185218811729969013e-01 -7.259149193036099623e-01 -3.333306009582089335e-01 0.000000000000000000e+00
2.944226075855194136e+00 3.038234119050350346e-01 3.156337261397464733e+00 3.424412575622311827e+00 -1.527041062304119734e-01 1.105476294371368962e+00 1.296717912413209328e+00 2.261246829282240078e+00 -1.246970413527668103e-01 2.471993433419835406e-01 0.000000000000000000e+00
6.688159403227615929e-01 2.902714807754997128e+00 6.217869868229197738e-01 6.031590131972016655e-01 -4.568174322665047304e-01 -7.654955829892546859e-01 -4.315324191390019215e-01 -3.946815568712756517e-01 -5.573194297195110947e-01 -9.602186533331886764e-01 0.000000000000000000e+00
-5.204356353681370839e-01 2.698307619317359851e+00 -3.648164757631441324e-01 -5.899812592157470670e-01 -1.951578825839946768e-02 1.069856589291356963e+00 1.697471612483287151e+00 3.177858611130954247e-01 3.111063939872620310e-01 6.823334032257927229e-01 0.000000000000000000e+00
1.578243615851097070e+00 1.230292356901599327e+00 1.880556921846519458e+00 1.660236297346356915e+00 3.578511126623000749e-01 1.349190065971449970e+00 2.739431232665489713e+00 2.272287130180758119e+00 3.779083804262452495e-01 3.947024144890375341e-01 0.000000000000000000e+00
1.813884794935360922e+00 5.135398779644291256e-01 1.823855573422032972e+00 2.131635626764223357e+00 4.392439736451964616e-01 -6.698847956692226546e-01 1.512123026200876019e+00 1.959478604722743711e+00 -9.676744892732610515e-01 -9.286108523731054776e-01 0.000000000000000000e+00
1.287374035418956675e+00 2.069158221139176579e+00 1.211481010437578387e+00 1.353112491816534702e+00 -5.374703581495567928e-01 -9.042249606693006925e-01 -1.560142503408235570e-01 4.510054919552143327e-01 -8.849672679678544096e-01 -1.023434255253355074e+00 0.000000000000000000e+00
-1.233434296769071216e-02 2.024029361354243051e+00 -8.697986848316095754e-02 -8.572682502027144380e-02 -1.517884365443532335e+00 -9.248468951893077383e-01 -1.015797917699503117e+00 -1.200991532493050906e+00 -1.400296877640005322e+00 -9.022710182397030154e-01 0.000000000000000000e+00
-1.021173140922200462e+00 8.958078667309193888e-01 -1.147295084021057843e+00 -1.022454431886229198e+00 1.210718807120573226e-01 -1.283293611573427029e+00 -1.279627436912304406e+00 -1.081388272759104208e+00 -1.899721252445732089e+00 -1.075060330154823829e+00 0.000000000000000000e+00
5.436315639342459427e-01 1.516993348476467940e+00 5.027141551314985302e-01 3.146054842808107543e-01 -4.730960044630848071e-01 3.743349795711252148e-01 1.074633570291041007e+00 4.241407597688203746e-01 1.043383407237452598e-01 -3.270090407661918608e-01 0.000000000000000000e+00
1.950114851593451881e+00 2.703616896939116554e+00 2.090351911017118702e+00 2.160205283092579087e+00 -1.352138903078361709e+00 3.874580288111297288e-01 8.675774919215007985e-01 5.647205912099515501e-01 -7.450012011433189141e-01 -8.316802627621845412e-01 0.000000000000000000e+00
2.819041699466678264e+00 1.333823270525857474e+00 2.946542272226865489e+00 2.974440488450712294e+00 -8.378840086864274284e-01 1.439176689331479908e+00 1.951282289194336217e+00 1.885876598732622700e+00 8.805138022052563240e-01 -2.068993971178768598e-01 0.000000000000000000e+00
-3.805236852868552067e-01 1.681580954750928614e+00 -5.661062626700716915e-01 -4.360622357467314192e-01 -1.939647372354902588e+00 -1.860332833869619451e+00 -1.929683334567643183e+00 -2.093783865153218127e+00 -1.432107347372854278e+00 -1.168830139669736923e+00 0.000000000000000000e+00
-3.142496036694057970e-01 -8.907640529902489668e-01 -4.328580938725280491e-01 -4.039213723773314446e-01 -6.203430893321416617e-01 -1.149813453589382695e+00 -1.346920662382405043e+00 -1.505335827262201054e+00 -4.459827856545400815e-01 -8.580200968955871144e-01 0.000000000000000000e+00
9.744130944476682155e-01 1.126894175217889454e-01 8.542625153633147672e-01 8.745707483165793272e-01 -1.090201877733406155e+00 -5.986453855091989906e-01 -1.486015592448394429e+00 1.120682543707074152e-01 -1.883179808184645698e-01 -1.145651085632342303e+00 0.000000000000000000e+00
-3.584323247477051999e-01 1.076323305870652058e+00 -4.441983635574254796e-01 -3.964218375911380265e-01 -1.198972337410548983e+00 -1.205867621057401307e+00 -9.770583933593955939e-01 -1.574889722922865332e+00 -1.119728534596269032e-01 -9.254500722770977461e-01 0.000000000000000000e+00
2.137891416176226134e+00 1.848823199836268971e+00 2.311487169872616043e+00 2.220915802790334403e+00 1.186578424488151207e+00 1.060482982691353770e+00 3.415703101533746011e+00 3.626564040398983835e+00 1.570800995408077050e+00 -6.915523451724833182e-01 0.000000000000000000e+00
4.957669494327550108e-01 9.303181712723394003e-01 5.764259080833308291e-01 4.031714188987127745e-01 7.870134705721157919e-01 4.174535699311395232e-01 7.022665906425933358e-01 1.333861553806715339e+00 -1.565075110856156693e-01 -2.090065838485482552e-01 0.000000000000000000e+00
-1.105856689655607461e+00 1.126761443277341179e+00 -1.144460016599832874e+00 -1.117448539178011124e+00 3.227966873071565213e-02 -3.830524337091270048e-01 -6.218904266722889984e-01 -7.958124895174346625e-01 -7.609064360097433921e-01 5.832956268841995584e-01 0.000000000000000000e+00
2.347759341298149671e+00 3.561065232852841600e+00 2.663035530104433057e+00 2.938728418040267520e+00 7.870134705721157919e-01 8.092703258112701192e-01 2.413818851358551232e+00 2.448931944557048546e+00 -7.354580602234644937e-01 -1.731844094271215440e-01 0.000000000000000000e+00
2.126845735906650603e+00 2.520446818988505644e+00 2.022310292907735452e+00 2.306624771775401150e+00 5.058381326312021420e-01 3.424647171311144822e-01 2.575790138470207324e+00 2.713899166121483297e+00 2.188560317620008577e-01 3.146293187234927013e-01 0.000000000000000000e+00
-1.510864966206688198e+00 2.793874616508982278e+00 -1.668380476042088389e+00 -1.397074050491791342e+00 -9.281560908674575394e-01 -1.667049065777554961e+00 -1.533438113623353471e+00 -1.702957213345675846e+00 -1.183349474061968637e-01 5.228457075480439503e-02 0.000000000000000000e+00
1.165871552453633386e+00 1.194587464896272296e-03 1.154779662013092123e+00 1.260261108749379133e+00 -6.321820509296544044e-01 -8.236119439092739469e-01 1.094850759556030145e-01 5.134659942885765743e-02 -1.304865468441458898e+00 -8.148227689168068277e-01 0.000000000000000000e+00
1.224781847224699627e+00 1.846168561025390176e+00 1.188800471067785081e+00 1.270974729872512476e+00 -1.059124603539936427e+00 -6.548870251092178130e-01 -2.979478524489758140e-01 -6.200048979592862053e-02 -1.368486407907156588e+00 -1.099292977557554174e+00 0.000000000000000000e+00
9.523217339085175981e-01 1.785111868375186761e+00 1.075397774218812330e+00 8.995691976038904247e-01 2.912569536762943390e-01 4.886929800911632427e-01 1.009511094029653000e+00 9.548112229575926868e-01 -3.378271885628544302e-01 -1.215583345256521369e-01 0.000000000000000000e+00
-7.045303065277189747e-01 1.275421216686532633e+00 -5.984260312720286468e-01 -8.021109574537869102e-01 9.128024375456830208e-01 1.116724622291372482e+00 3.265599968268954045e-01 3.310342221913171734e-01 1.552350922963031121e-01 1.044769520901411397e+00 0.000000000000000000e+00
2.167346563561758366e+00 3.887718538531441670e-01 2.101692180702016799e+00 2.553038057607467604e+00 -2.156448356609344419e+00 -1.125067132165374462e+00 -1.414714829977593125e+00 -8.090608505956564667e-01 -9.613123953266911048e-01 -1.308958057259438146e+00 0.000000000000000000e+00
-4.394339800579214472e-01 2.846967392726550194e+00 -5.008997119819119659e-01 -5.060578937512025810e-01 -8.193856311903147116e-01 -8.517327637092833026e-01 -2.645517107764693288e-01 -7.601155166122260942e-01 -9.390450665136976793e-01 -4.207788502811050657e-01 0.000000000000000000e+00
1.975335821542327785e-01 2.318694269361747384e+00 9.412423838466183260e-03 1.185462177274704820e-01 -1.150136620820810807e+00 -1.595059767089531011e+00 -1.461302447610739685e+00 -1.287105879501492245e+00 -7.545443420631743336e-01 -1.171990919765744765e+00 0.000000000000000000e+00
2.448459126422488849e-02 2.037302555408635474e+00 2.642282836581195948e-02 1.176712720024170045e-02 -1.191572986412103630e+00 -7.223769926292401555e-01 -8.706916821324623967e-01 -1.316178671867590300e+00 -4.459827856545400815e-01 -4.945303858546320486e-01 0.000000000000000000e+00
