  -1.7107587e+01
  -2.8552234e+00
   3.9959047e+00
   3.3613557e-01
   2.0865187e+00
  -2.0558793e+00
   3.3662635e+00
  -2.5558823e+00
   2.6680449e+00
   1.7330256e+00
   1.8929084e+00
   3.8490535e-02
  -1.5108313e+00
  -2.2200039e+00
   3.4097267e+00
  -6.5827977e-01
   6.6541493e-01
  -1.1575245e+00
   2.2043236e+00
   3.5501629e+00
   1.0722737e+00
   1.0817007e+00
   1.4840536e+00
   1.0711073e+00
   1.5427667e+00
   1.7374110e+00
  -5.2629040e-01
   1.0850375e+00
   5.6703949e-01
   7.0976134e-01
  -1.9081096e-01
  -9.8691630e-01
  -5.2151951e-01
  -1.8643418e-02
   1.1190245e+00
  -1.2371320e+00
  -1.2524040e+00
  -2.5570801e+00
  -1.0578111e+00
  -2.4633215e+00
   1.8634976e+00
   1.8813384e+00
  -1.5281485e+00
  -4.8690060e-01
  -2.3114433e+00
   1.7920618e-01
