   6.9156153e-01
   6.3735235e-01
   6.0448574e-01
   5.8494764e-01
   5.7325233e-01
   5.6595817e-01
   5.6116160e-01
   5.5784070e-01
   5.5543628e-01
   5.5363421e-01
   5.5225487e-01
   5.5119287e-01
   5.5038149e-01
   5.4977238e-01
   5.4932635e-01
   5.4901051e-01
   5.4879783e-01
   5.4866661e-01
   5.4859980e-01
   5.4858413e-01
   5.4860924e-01
   5.4866703e-01
   5.4875112e-01
   5.4885640e-01
   5.4897866e-01
   5.4911431e-01
   5.4926016e-01
   5.4941321e-01
   5.4957057e-01
   5.4972948e-01
   5.4988736e-01
   5.5004200e-01
   5.5019178e-01
   5.5033581e-01
   5.5047398e-01
   5.5060673e-01
   5.5073475e-01
   5.5085874e-01
   5.5097926e-01
   5.5109676e-01
   5.5121159e-01
   5.5132402e-01
   5.5143427e-01
   5.5154251e-01
   5.5164883e-01
   5.5175326e-01
   5.5185577e-01
   5.5195629e-01
   5.5205473e-01
   5.5215101e-01
   5.5224501e-01
   5.5233668e-01
   5.5242595e-01
   5.5251279e-01
   5.5259717e-01
   5.5267911e-01
   5.5275862e-01
   5.5283573e-01
   5.5291048e-01
   5.5298292e-01
   5.5305311e-01
   5.5312112e-01
   5.5318701e-01
   5.5325085e-01
   5.5331270e-01
   5.5337264e-01
   5.5343074e-01
   5.5348705e-01
   5.5354165e-01
   5.5359460e-01
   5.5364596e-01
   5.5369579e-01
   5.5374415e-01
   5.5379109e-01
   5.5383668e-01
   5.5388096e-01
   5.5392398e-01
   5.5396581e-01
   5.5400649e-01
   5.5404607e-01
   5.5408460e-01
   5.5412213e-01
   5.5415869e-01
   5.5419433e-01
   5.5422909e-01
   5.5426301e-01
   5.5429613e-01
   5.5432847e-01
   5.5436008e-01
   5.5439098e-01
   5.5442120e-01
   5.5445077e-01
   5.5447971e-01
   5.5450806e-01
   5.5453582e-01
   5.5456303e-01
   5.5458970e-01
   5.5461585e-01
   5.5464150e-01
   5.5466665e-01
   5.5469133e-01
   5.5471553e-01
   5.5473928e-01
   5.5476257e-01
   5.5478540e-01
   5.5480779e-01
   5.5482971e-01
   5.5485118e-01
   5.5487218e-01
   5.5489271e-01
   5.5491277e-01
   5.5493234e-01
   5.5495142e-01
   5.5497001e-01
   5.5498811e-01
   5.5500573e-01
   5.5502286e-01
   5.5503952e-01
   5.5505572e-01
   5.5507146e-01
   5.5508678e-01
   5.5510167e-01
   5.5511615e-01
   5.5513025e-01
   5.5514396e-01
   5.5515732e-01
   5.5517033e-01
   5.5518301e-01
   5.5519537e-01
   5.5520741e-01
   5.5521916e-01
   5.5523062e-01
   5.5524180e-01
   5.5525271e-01
   5.5526336e-01
   5.5527375e-01
   5.5528390e-01
   5.5529381e-01
   5.5530348e-01
   5.5531293e-01
   5.5532215e-01
   5.5533116e-01
   5.5533996e-01
   5.5534856e-01
   5.5535695e-01
   5.5536515e-01
   5.5537316e-01
   5.5538098e-01
   5.5538862e-01
   5.5539609e-01
   5.5540338e-01
   5.5541050e-01
   5.5541745e-01
   5.5542425e-01
   5.5543088e-01
   5.5543736e-01
   5.5544369e-01
   5.5544988e-01
   5.5545591e-01
   5.5546181e-01
   5.5546757e-01
   5.5547320e-01
   5.5547869e-01
   5.5548405e-01
   5.5548929e-01
   5.5549441e-01
   5.5549940e-01
   5.5550428e-01
   5.5550904e-01
   5.5551370e-01
   5.5551824e-01
   5.5552267e-01
   5.5552700e-01
   5.5553123e-01
   5.5553536e-01
   5.5553939e-01
   5.5554332e-01
   5.5554716e-01
   5.5555091e-01
   5.5555458e-01
   5.5555815e-01
   5.5556164e-01
   5.5556505e-01
   5.5556838e-01
   5.5557163e-01
   5.5557480e-01
   5.5557789e-01
   5.5558092e-01
   5.5558386e-01
   5.5558674e-01
   5.5558955e-01
   5.5559229e-01
   5.5559496e-01
   5.5559757e-01
   5.5560011e-01
   5.5560259e-01
   5.5560501e-01
   5.5560736e-01
   5.5560965e-01
   5.5561188e-01
   5.5561406e-01
   5.5561617e-01
   5.5561823e-01
   5.5562023e-01
   5.5562217e-01
   5.5562406e-01
   5.5562590e-01
   5.5562768e-01
   5.5562941e-01
   5.5563110e-01
   5.5563273e-01
   5.5563431e-01
   5.5563585e-01
   5.5563735e-01
   5.5563879e-01
   5.5564020e-01
   5.5564156e-01
   5.5564288e-01
   5.5564416e-01
   5.5564540e-01
   5.5564660e-01
   5.5564776e-01
   5.5564888e-01
   5.5564996e-01
   5.5565101e-01
   5.5565202e-01
   5.5565300e-01
   5.5565395e-01
   5.5565486e-01
   5.5565574e-01
   5.5565659e-01
   5.5565740e-01
   5.5565819e-01
   5.5565896e-01
   5.5565969e-01
   5.5566041e-01
   5.5566109e-01
   5.5566176e-01
   5.5566240e-01
   5.5566302e-01
   5.5566362e-01
   5.5566420e-01
   5.5566477e-01
   5.5566531e-01
   5.5566584e-01
   5.5566636e-01
   5.5566686e-01
   5.5566734e-01
   5.5566781e-01
   5.5566827e-01
   5.5566872e-01
   5.5566915e-01
   5.5566958e-01
   5.5566999e-01
   5.5567039e-01
   5.5567078e-01
   5.5567116e-01
   5.5567153e-01
   5.5567189e-01
   5.5567224e-01
   5.5567259e-01
   5.5567292e-01
   5.5567325e-01
   5.5567357e-01
   5.5567387e-01
   5.5567417e-01
   5.5567447e-01
   5.5567475e-01
   5.5567503e-01
   5.5567530e-01
   5.5567556e-01
   5.5567582e-01
   5.5567606e-01
   5.5567630e-01
   5.5567654e-01
   5.5567677e-01
   5.5567699e-01
   5.5567720e-01
   5.5567741e-01
   5.5567762e-01
   5.5567781e-01
   5.5567801e-01
   5.5567820e-01
   5.5567838e-01
   5.5567856e-01
   5.5567874e-01
   5.5567891e-01
   5.5567907e-01
   5.5567924e-01
   5.5567940e-01
   5.5567955e-01
   5.5567970e-01
   5.5567985e-01
   5.5568000e-01
   5.5568014e-01
   5.5568028e-01
   5.5568041e-01
   5.5568055e-01
   5.5568068e-01
   5.5568080e-01
   5.5568093e-01
   5.5568105e-01
   5.5568117e-01
   5.5568128e-01
   5.5568140e-01
   5.5568151e-01
   5.5568162e-01
   5.5568172e-01
   5.5568182e-01
   5.5568193e-01
   5.5568203e-01
   5.5568212e-01
   5.5568222e-01
   5.5568231e-01
   5.5568240e-01
   5.5568249e-01
   5.5568257e-01
   5.5568266e-01
   5.5568274e-01
   5.5568282e-01
   5.5568290e-01
   5.5568297e-01
   5.5568305e-01
   5.5568312e-01
   5.5568319e-01
   5.5568326e-01
   5.5568333e-01
   5.5568340e-01
   5.5568346e-01
   5.5568352e-01
   5.5568359e-01
   5.5568365e-01
   5.5568370e-01
   5.5568376e-01
   5.5568382e-01
   5.5568387e-01
   5.5568392e-01
   5.5568398e-01
   5.5568403e-01
   5.5568407e-01
   5.5568412e-01
   5.5568417e-01
   5.5568421e-01
   5.5568426e-01
   5.5568430e-01
   5.5568434e-01
   5.5568439e-01
   5.5568443e-01
   5.5568446e-01
   5.5568450e-01
   5.5568454e-01
   5.5568458e-01
   5.5568461e-01
   5.5568465e-01
   5.5568468e-01
   5.5568471e-01
   5.5568474e-01
   5.5568477e-01
   5.5568480e-01
   5.5568483e-01
   5.5568486e-01
   5.5568489e-01
   5.5568492e-01
   5.5568494e-01
   5.5568497e-01
   5.5568499e-01
   5.5568502e-01
   5.5568504e-01
   5.5568507e-01
   5.5568509e-01
   5.5568511e-01
   5.5568513e-01
   5.5568515e-01
   5.5568517e-01
   5.5568519e-01
   5.5568521e-01
   5.5568523e-01
   5.5568525e-01
   5.5568527e-01
   5.5568528e-01
   5.5568530e-01
   5.5568532e-01
   5.5568533e-01
   5.5568535e-01
   5.5568536e-01
   5.5568538e-01
   5.5568539e-01
   5.5568541e-01
   5.5568542e-01
   5.5568544e-01
   5.5568545e-01
   5.5568546e-01
   5.5568547e-01
   5.5568549e-01
   5.5568550e-01
   5.5568551e-01
   5.5568552e-01
   5.5568553e-01
   5.5568554e-01
   5.5568555e-01
   5.5568556e-01
   5.5568557e-01
   5.5568558e-01
   5.5568559e-01
   5.5568560e-01
   5.5568561e-01
   5.5568562e-01
   5.5568562e-01
   5.5568563e-01
   5.5568564e-01
   5.5568565e-01
   5.5568565e-01
   5.5568566e-01
   5.5568567e-01
   5.5568568e-01
   5.5568568e-01
   5.5568569e-01
   5.5568570e-01
   5.5568570e-01
   5.5568571e-01
   5.5568571e-01
   5.5568572e-01
   5.5568572e-01
   5.5568573e-01
   5.5568574e-01
   5.5568574e-01
   5.5568575e-01
   5.5568575e-01
   5.5568575e-01
   5.5568576e-01
   5.5568576e-01
   5.5568577e-01
   5.5568577e-01
   5.5568578e-01
   5.5568578e-01
   5.5568578e-01
   5.5568579e-01
   5.5568579e-01
   5.5568580e-01
   5.5568580e-01
   5.5568580e-01
   5.5568581e-01
   5.5568581e-01
   5.5568581e-01
   5.5568582e-01
   5.5568582e-01
   5.5568582e-01
   5.5568582e-01
   5.5568583e-01
   5.5568583e-01
   5.5568583e-01
   5.5568584e-01
   5.5568584e-01
   5.5568584e-01
   5.5568584e-01
   5.5568584e-01
   5.5568585e-01
   5.5568585e-01
   5.5568585e-01
   5.5568585e-01
   5.5568586e-01
   5.5568586e-01
   5.5568586e-01
   5.5568586e-01
   5.5568586e-01
   5.5568586e-01
   5.5568587e-01
   5.5568587e-01
   5.5568587e-01
   5.5568587e-01
   5.5568587e-01
   5.5568587e-01
   5.5568588e-01
   5.5568588e-01
   5.5568588e-01
   5.5568588e-01
   5.5568588e-01
   5.5568588e-01
   5.5568588e-01
   5.5568588e-01
   5.5568589e-01
   5.5568589e-01
   5.5568589e-01
   5.5568589e-01
   5.5568589e-01
   5.5568589e-01
   5.5568589e-01
   5.5568589e-01
   5.5568589e-01
   5.5568590e-01
   5.5568590e-01
   5.5568590e-01
   5.5568590e-01
   5.5568590e-01
   5.5568590e-01
   5.5568590e-01
   5.5568590e-01
   5.5568590e-01
   5.5568590e-01
   5.5568590e-01
