   6.6422602e-01
   6.2539539e-01
   6.0105472e-01
   5.8555501e-01
   5.7533125e-01
   5.6828370e-01
   5.6322693e-01
   5.5949107e-01
   5.5668260e-01
   5.5455348e-01
   5.5293480e-01
   5.5170512e-01
   5.5077454e-01
   5.5007529e-01
   5.4955537e-01
   5.4917402e-01
   5.4889876e-01
   5.4870363e-01
   5.4856827e-01
   5.4847752e-01
   5.4842131e-01
   5.4839413e-01
   5.4839390e-01
   5.4842008e-01
   5.4847193e-01
   5.4854759e-01
   5.4864414e-01
   5.4875806e-01
   5.4888580e-01
   5.4902408e-01
   5.4917004e-01
   5.4932127e-01
   5.4947579e-01
   5.4963201e-01
   5.4978863e-01
   5.4994463e-01
   5.5009921e-01
   5.5025175e-01
   5.5040177e-01
   5.5054892e-01
   5.5069295e-01
   5.5083365e-01
   5.5097092e-01
   5.5110466e-01
   5.5123485e-01
   5.5136146e-01
   5.5148450e-01
   5.5160401e-01
   5.5172002e-01
   5.5183259e-01
   5.5194178e-01
   5.5204765e-01
   5.5215027e-01
   5.5224971e-01
   5.5234606e-01
   5.5243940e-01
   5.5252980e-01
   5.5261734e-01
   5.5270212e-01
   5.5278422e-01
   5.5286372e-01
   5.5294070e-01
   5.5301526e-01
   5.5308747e-01
   5.5315742e-01
   5.5322518e-01
   5.5329084e-01
   5.5335448e-01
   5.5341617e-01
   5.5347599e-01
   5.5353401e-01
   5.5359029e-01
   5.5364491e-01
   5.5369793e-01
   5.5374940e-01
   5.5379941e-01
   5.5384798e-01
   5.5389520e-01
   5.5394109e-01
   5.5398573e-01
   5.5402914e-01
   5.5407138e-01
   5.5411248e-01
   5.5415249e-01
   5.5419144e-01
   5.5422937e-01
   5.5426631e-01
   5.5430228e-01
   5.5433733e-01
   5.5437146e-01
   5.5440472e-01
   5.5443712e-01
   5.5446868e-01
   5.5449942e-01
   5.5452938e-01
   5.5455855e-01
   5.5458697e-01
   5.5461465e-01
   5.5464161e-01
   5.5466787e-01
   5.5469344e-01
   5.5471835e-01
   5.5474261e-01
   5.5476623e-01
   5.5478924e-01
   5.5481165e-01
   5.5483348e-01
   5.5485475e-01
   5.5487547e-01
   5.5489566e-01
   5.5491533e-01
   5.5493450e-01
   5.5495318e-01
   5.5497140e-01
   5.5498915e-01
   5.5500646e-01
   5.5502334e-01
   5.5503981e-01
   5.5505586e-01
   5.5507152e-01
   5.5508680e-01
   5.5510170e-01
   5.5511624e-01
   5.5513043e-01
   5.5514427e-01
   5.5515778e-01
   5.5517096e-01
   5.5518383e-01
   5.5519638e-01
   5.5520864e-01
   5.5522060e-01
   5.5523227e-01
   5.5524367e-01
   5.5525479e-01
   5.5526565e-01
   5.5527625e-01
   5.5528659e-01
   5.5529669e-01
   5.5530655e-01
   5.5531617e-01
   5.5532557e-01
   5.5533474e-01
   5.5534369e-01
   5.5535242e-01
   5.5536095e-01
   5.5536927e-01
   5.5537740e-01
   5.5538533e-01
   5.5539307e-01
   5.5540062e-01
   5.5540799e-01
   5.5541519e-01
   5.5542221e-01
   5.5542906e-01
   5.5543575e-01
   5.5544227e-01
   5.5544864e-01
   5.5545485e-01
   5.5546091e-01
   5.5546683e-01
   5.5547260e-01
   5.5547823e-01
   5.5548372e-01
   5.5548909e-01
   5.5549432e-01
   5.5549942e-01
   5.5550440e-01
   5.5550926e-01
   5.5551400e-01
   5.5551862e-01
   5.5552313e-01
   5.5552754e-01
   5.5553183e-01
   5.5553603e-01
   5.5554012e-01
   5.5554412e-01
   5.5554802e-01
   5.5555182e-01
   5.5555554e-01
   5.5555917e-01
   5.5556271e-01
   5.5556617e-01
   5.5556954e-01
   5.5557284e-01
   5.5557606e-01
   5.5557920e-01
   5.5558227e-01
   5.5558527e-01
   5.5558819e-01
   5.5559105e-01
   5.5559383e-01
   5.5559655e-01
   5.5559920e-01
   5.5560179e-01
   5.5560430e-01
   5.5560676e-01
   5.5560914e-01
   5.5561146e-01
   5.5561372e-01
   5.5561591e-01
   5.5561804e-01
   5.5562011e-01
   5.5562211e-01
   5.5562405e-01
   5.5562593e-01
   5.5562775e-01
   5.5562951e-01
   5.5563121e-01
   5.5563286e-01
   5.5563445e-01
   5.5563599e-01
   5.5563747e-01
   5.5563890e-01
   5.5564029e-01
   5.5564162e-01
   5.5564291e-01
   5.5564415e-01
   5.5564536e-01
   5.5564652e-01
   5.5564763e-01
   5.5564872e-01
   5.5564976e-01
   5.5565077e-01
   5.5565174e-01
   5.5565268e-01
   5.5565359e-01
   5.5565447e-01
   5.5565532e-01
   5.5565614e-01
   5.5565693e-01
   5.5565770e-01
   5.5565845e-01
   5.5565916e-01
   5.5565986e-01
   5.5566053e-01
   5.5566118e-01
   5.5566181e-01
   5.5566242e-01
   5.5566301e-01
   5.5566358e-01
   5.5566413e-01
   5.5566467e-01
   5.5566519e-01
   5.5566569e-01
   5.5566618e-01
   5.5566665e-01
   5.5566712e-01
   5.5566756e-01
   5.5566800e-01
   5.5566842e-01
   5.5566884e-01
   5.5566924e-01
   5.5566963e-01
   5.5567002e-01
   5.5567039e-01
   5.5567075e-01
   5.5567111e-01
   5.5567146e-01
   5.5567179e-01
   5.5567213e-01
   5.5567245e-01
   5.5567277e-01
   5.5567308e-01
   5.5567338e-01
   5.5567367e-01
   5.5567396e-01
   5.5567425e-01
   5.5567452e-01
   5.5567480e-01
   5.5567506e-01
   5.5567532e-01
   5.5567557e-01
   5.5567582e-01
   5.5567607e-01
   5.5567631e-01
   5.5567654e-01
   5.5567677e-01
   5.5567699e-01
   5.5567721e-01
   5.5567743e-01
   5.5567764e-01
   5.5567784e-01
   5.5567804e-01
   5.5567824e-01
   5.5567843e-01
   5.5567862e-01
   5.5567880e-01
   5.5567898e-01
   5.5567915e-01
   5.5567932e-01
   5.5567949e-01
   5.5567965e-01
   5.5567980e-01
   5.5567996e-01
   5.5568011e-01
   5.5568026e-01
   5.5568040e-01
   5.5568054e-01
   5.5568068e-01
   5.5568081e-01
   5.5568094e-01
   5.5568107e-01
   5.5568119e-01
   5.5568131e-01
   5.5568143e-01
   5.5568154e-01
   5.5568166e-01
   5.5568176e-01
   5.5568187e-01
   5.5568198e-01
   5.5568208e-01
   5.5568218e-01
   5.5568227e-01
   5.5568237e-01
   5.5568246e-01
   5.5568255e-01
   5.5568263e-01
   5.5568272e-01
   5.5568280e-01
   5.5568288e-01
   5.5568296e-01
   5.5568304e-01
   5.5568311e-01
   5.5568319e-01
   5.5568326e-01
   5.5568333e-01
   5.5568339e-01
   5.5568346e-01
   5.5568352e-01
   5.5568359e-01
   5.5568365e-01
   5.5568371e-01
   5.5568376e-01
   5.5568382e-01
   5.5568388e-01
   5.5568393e-01
   5.5568398e-01
   5.5568403e-01
   5.5568408e-01
   5.5568413e-01
   5.5568418e-01
   5.5568422e-01
   5.5568427e-01
   5.5568431e-01
   5.5568435e-01
   5.5568439e-01
   5.5568443e-01
   5.5568447e-01
   5.5568451e-01
   5.5568455e-01
   5.5568458e-01
   5.5568462e-01
   5.5568465e-01
   5.5568469e-01
   5.5568472e-01
   5.5568475e-01
   5.5568478e-01
   5.5568481e-01
   5.5568484e-01
   5.5568487e-01
   5.5568490e-01
   5.5568493e-01
   5.5568495e-01
   5.5568498e-01
   5.5568500e-01
   5.5568503e-01
   5.5568505e-01
   5.5568507e-01
   5.5568510e-01
   5.5568512e-01
   5.5568514e-01
   5.5568516e-01
   5.5568518e-01
   5.5568520e-01
   5.5568522e-01
   5.5568524e-01
   5.5568526e-01
   5.5568527e-01
   5.5568529e-01
   5.5568531e-01
   5.5568532e-01
   5.5568534e-01
   5.5568536e-01
   5.5568537e-01
   5.5568539e-01
   5.5568540e-01
   5.5568541e-01
   5.5568543e-01
   5.5568544e-01
   5.5568545e-01
   5.5568547e-01
   5.5568548e-01
   5.5568549e-01
   5.5568550e-01
   5.5568551e-01
   5.5568552e-01
   5.5568553e-01
   5.5568554e-01
   5.5568555e-01
   5.5568556e-01
   5.5568557e-01
   5.5568558e-01
   5.5568559e-01
   5.5568560e-01
   5.5568561e-01
   5.5568562e-01
   5.5568563e-01
   5.5568563e-01
   5.5568564e-01
   5.5568565e-01
   5.5568566e-01
   5.5568566e-01
   5.5568567e-01
   5.5568568e-01
   5.5568569e-01
   5.5568569e-01
   5.5568570e-01
   5.5568570e-01
   5.5568571e-01
   5.5568572e-01
   5.5568572e-01
   5.5568573e-01
   5.5568573e-01
   5.5568574e-01
   5.5568574e-01
   5.5568575e-01
   5.5568575e-01
   5.5568576e-01
   5.5568576e-01
   5.5568577e-01
   5.5568577e-01
   5.5568577e-01
   5.5568578e-01
   5.5568578e-01
   5.5568579e-01
   5.5568579e-01
   5.5568579e-01
   5.5568580e-01
   5.5568580e-01
   5.5568580e-01
   5.5568581e-01
   5.5568581e-01
   5.5568581e-01
   5.5568582e-01
   5.5568582e-01
   5.5568582e-01
   5.5568583e-01
   5.5568583e-01
   5.5568583e-01
   5.5568583e-01
   5.5568584e-01
   5.5568584e-01
   5.5568584e-01
   5.5568584e-01
   5.5568585e-01
   5.5568585e-01
   5.5568585e-01
   5.5568585e-01
   5.5568585e-01
   5.5568586e-01
   5.5568586e-01
   5.5568586e-01
   5.5568586e-01
   5.5568586e-01
   5.5568587e-01
   5.5568587e-01
   5.5568587e-01
   5.5568587e-01
   5.5568587e-01
   5.5568587e-01
   5.5568587e-01
   5.5568588e-01
   5.5568588e-01
   5.5568588e-01
   5.5568588e-01
   5.5568588e-01
   5.5568588e-01
   5.5568588e-01
   5.5568589e-01
   5.5568589e-01
   5.5568589e-01
   5.5568589e-01
   5.5568589e-01
   5.5568589e-01
   5.5568589e-01
   5.5568589e-01
   5.5568589e-01
   5.5568589e-01
   5.5568590e-01
   5.5568590e-01
   5.5568590e-01
   5.5568590e-01
   5.5568590e-01
   5.5568590e-01
   5.5568590e-01
   5.5568590e-01
   5.5568590e-01
   5.5568590e-01
   5.5568590e-01
   5.5568590e-01
