   6.9456642e-01
   6.4640682e-01
   6.1556193e-01
   5.9589107e-01
   5.8319106e-01
   5.7473653e-01
   5.6886478e-01
   5.6459463e-01
   5.6135674e-01
   5.5882495e-01
   5.5681082e-01
   5.5519814e-01
   5.5390708e-01
   5.5287808e-01
   5.5206486e-01
   5.5143055e-01
   5.5094485e-01
   5.5058210e-01
   5.5032017e-01
   5.5014001e-01
   5.5002539e-01
   5.4996273e-01
   5.4994092e-01
   5.4995095e-01
   5.4998576e-01
   5.5003982e-01
   5.5010894e-01
   5.5018988e-01
   5.5028012e-01
   5.5037758e-01
   5.5048050e-01
   5.5058731e-01
   5.5069663e-01
   5.5080725e-01
   5.5091814e-01
   5.5102847e-01
   5.5113760e-01
   5.5124510e-01
   5.5135075e-01
   5.5145447e-01
   5.5155631e-01
   5.5165642e-01
   5.5175495e-01
   5.5185204e-01
   5.5194783e-01
   5.5204241e-01
   5.5213585e-01
   5.5222819e-01
   5.5231944e-01
   5.5240957e-01
   5.5249847e-01
   5.5258597e-01
   5.5267190e-01
   5.5275605e-01
   5.5283827e-01
   5.5291838e-01
   5.5299629e-01
   5.5307189e-01
   5.5314513e-01
   5.5321595e-01
   5.5328435e-01
   5.5335032e-01
   5.5341389e-01
   5.5347510e-01
   5.5353402e-01
   5.5359074e-01
   5.5364534e-01
   5.5369796e-01
   5.5374870e-01
   5.5379769e-01
   5.5384506e-01
   5.5389091e-01
   5.5393536e-01
   5.5397849e-01
   5.5402041e-01
   5.5406119e-01
   5.5410089e-01
   5.5413956e-01
   5.5417727e-01
   5.5421404e-01
   5.5424991e-01
   5.5428492e-01
   5.5431909e-01
   5.5435245e-01
   5.5438501e-01
   5.5441680e-01
   5.5444783e-01
   5.5447813e-01
   5.5450771e-01
   5.5453659e-01
   5.5456477e-01
   5.5459229e-01
   5.5461915e-01
   5.5464537e-01
   5.5467096e-01
   5.5469594e-01
   5.5472032e-01
   5.5474412e-01
   5.5476735e-01
   5.5479002e-01
   5.5481215e-01
   5.5483375e-01
   5.5485484e-01
   5.5487542e-01
   5.5489552e-01
   5.5491513e-01
   5.5493428e-01
   5.5495297e-01
   5.5497122e-01
   5.5498903e-01
   5.5500642e-01
   5.5502340e-01
   5.5503998e-01
   5.5505617e-01
   5.5507197e-01
   5.5508740e-01
   5.5510247e-01
   5.5511717e-01
   5.5513153e-01
   5.5514556e-01
   5.5515925e-01
   5.5517261e-01
   5.5518566e-01
   5.5519840e-01
   5.5521084e-01
   5.5522298e-01
   5.5523484e-01
   5.5524641e-01
   5.5525771e-01
   5.5526874e-01
   5.5527950e-01
   5.5529001e-01
   5.5530026e-01
   5.5531027e-01
   5.5532004e-01
   5.5532958e-01
   5.5533888e-01
   5.5534796e-01
   5.5535682e-01
   5.5536547e-01
   5.5537390e-01
   5.5538213e-01
   5.5539016e-01
   5.5539799e-01
   5.5540563e-01
   5.5541308e-01
   5.5542034e-01
   5.5542743e-01
   5.5543434e-01
   5.5544108e-01
   5.5544766e-01
   5.5545407e-01
   5.5546032e-01
   5.5546641e-01
   5.5547235e-01
   5.5547814e-01
   5.5548379e-01
   5.5548929e-01
   5.5549465e-01
   5.5549988e-01
   5.5550498e-01
   5.5550995e-01
   5.5551480e-01
   5.5551952e-01
   5.5552412e-01
   5.5552861e-01
   5.5553299e-01
   5.5553725e-01
   5.5554141e-01
   5.5554546e-01
   5.5554941e-01
   5.5555326e-01
   5.5555702e-01
   5.5556068e-01
   5.5556424e-01
   5.5556772e-01
   5.5557111e-01
   5.5557441e-01
   5.5557763e-01
   5.5558076e-01
   5.5558382e-01
   5.5558679e-01
   5.5558969e-01
   5.5559251e-01
   5.5559526e-01
   5.5559793e-01
   5.5560053e-01
   5.5560306e-01
   5.5560552e-01
   5.5560792e-01
   5.5561024e-01
   5.5561250e-01
   5.5561469e-01
   5.5561682e-01
   5.5561888e-01
   5.5562089e-01
   5.5562283e-01
   5.5562472e-01
   5.5562654e-01
   5.5562831e-01
   5.5563003e-01
   5.5563169e-01
   5.5563330e-01
   5.5563486e-01
   5.5563637e-01
   5.5563783e-01
   5.5563924e-01
   5.5564061e-01
   5.5564193e-01
   5.5564321e-01
   5.5564445e-01
   5.5564564e-01
   5.5564680e-01
   5.5564792e-01
   5.5564901e-01
   5.5565006e-01
   5.5565107e-01
   5.5565206e-01
   5.5565301e-01
   5.5565393e-01
   5.5565483e-01
   5.5565570e-01
   5.5565654e-01
   5.5565735e-01
   5.5565814e-01
   5.5565891e-01
   5.5565965e-01
   5.5566037e-01
   5.5566107e-01
   5.5566175e-01
   5.5566241e-01
   5.5566305e-01
   5.5566368e-01
   5.5566428e-01
   5.5566487e-01
   5.5566544e-01
   5.5566600e-01
   5.5566654e-01
   5.5566706e-01
   5.5566757e-01
   5.5566807e-01
   5.5566855e-01
   5.5566902e-01
   5.5566948e-01
   5.5566992e-01
   5.5567035e-01
   5.5567077e-01
   5.5567118e-01
   5.5567158e-01
   5.5567196e-01
   5.5567234e-01
   5.5567271e-01
   5.5567306e-01
   5.5567341e-01
   5.5567375e-01
   5.5567408e-01
   5.5567440e-01
   5.5567471e-01
   5.5567501e-01
   5.5567531e-01
   5.5567559e-01
   5.5567587e-01
   5.5567614e-01
   5.5567641e-01
   5.5567666e-01
   5.5567691e-01
   5.5567716e-01
   5.5567739e-01
   5.5567762e-01
   5.5567784e-01
   5.5567806e-01
   5.5567826e-01
   5.5567847e-01
   5.5567866e-01
   5.5567886e-01
   5.5567904e-01
   5.5567922e-01
   5.5567940e-01
   5.5567957e-01
   5.5567974e-01
   5.5567990e-01
   5.5568006e-01
   5.5568021e-01
   5.5568036e-01
   5.5568051e-01
   5.5568065e-01
   5.5568079e-01
   5.5568092e-01
   5.5568105e-01
   5.5568118e-01
   5.5568131e-01
   5.5568143e-01
   5.5568155e-01
   5.5568166e-01
   5.5568177e-01
   5.5568188e-01
   5.5568199e-01
   5.5568209e-01
   5.5568219e-01
   5.5568229e-01
   5.5568239e-01
   5.5568248e-01
   5.5568257e-01
   5.5568266e-01
   5.5568275e-01
   5.5568283e-01
   5.5568291e-01
   5.5568299e-01
   5.5568307e-01
   5.5568314e-01
   5.5568322e-01
   5.5568329e-01
   5.5568336e-01
   5.5568343e-01
   5.5568349e-01
   5.5568356e-01
   5.5568362e-01
   5.5568368e-01
   5.5568374e-01
   5.5568380e-01
   5.5568385e-01
   5.5568391e-01
   5.5568396e-01
   5.5568401e-01
   5.5568406e-01
   5.5568411e-01
   5.5568416e-01
   5.5568421e-01
   5.5568425e-01
   5.5568430e-01
   5.5568434e-01
   5.5568438e-01
   5.5568442e-01
   5.5568446e-01
   5.5568450e-01
   5.5568454e-01
   5.5568458e-01
   5.5568461e-01
   5.5568465e-01
   5.5568468e-01
   5.5568472e-01
   5.5568475e-01
   5.5568478e-01
   5.5568481e-01
   5.5568484e-01
   5.5568487e-01
   5.5568490e-01
   5.5568492e-01
   5.5568495e-01
   5.5568498e-01
   5.5568500e-01
   5.5568503e-01
   5.5568505e-01
   5.5568507e-01
   5.5568510e-01
   5.5568512e-01
   5.5568514e-01
   5.5568516e-01
   5.5568518e-01
   5.5568520e-01
   5.5568522e-01
   5.5568524e-01
   5.5568526e-01
   5.5568527e-01
   5.5568529e-01
   5.5568531e-01
   5.5568532e-01
   5.5568534e-01
   5.5568536e-01
   5.5568537e-01
   5.5568539e-01
   5.5568540e-01
   5.5568541e-01
   5.5568543e-01
   5.5568544e-01
   5.5568545e-01
   5.5568547e-01
   5.5568548e-01
   5.5568549e-01
   5.5568550e-01
   5.5568551e-01
   5.5568552e-01
   5.5568553e-01
   5.5568555e-01
   5.5568556e-01
   5.5568557e-01
   5.5568557e-01
   5.5568558e-01
   5.5568559e-01
   5.5568560e-01
   5.5568561e-01
   5.5568562e-01
   5.5568563e-01
   5.5568564e-01
   5.5568564e-01
   5.5568565e-01
   5.5568566e-01
   5.5568567e-01
   5.5568567e-01
   5.5568568e-01
   5.5568569e-01
   5.5568569e-01
   5.5568570e-01
   5.5568570e-01
   5.5568571e-01
   5.5568572e-01
   5.5568572e-01
   5.5568573e-01
   5.5568573e-01
   5.5568574e-01
   5.5568574e-01
   5.5568575e-01
   5.5568575e-01
   5.5568576e-01
   5.5568576e-01
   5.5568577e-01
   5.5568577e-01
   5.5568577e-01
   5.5568578e-01
   5.5568578e-01
   5.5568579e-01
   5.5568579e-01
   5.5568579e-01
   5.5568580e-01
   5.5568580e-01
   5.5568580e-01
   5.5568581e-01
   5.5568581e-01
   5.5568581e-01
   5.5568582e-01
   5.5568582e-01
   5.5568582e-01
   5.5568583e-01
   5.5568583e-01
   5.5568583e-01
   5.5568583e-01
   5.5568584e-01
   5.5568584e-01
   5.5568584e-01
   5.5568584e-01
   5.5568585e-01
   5.5568585e-01
   5.5568585e-01
   5.5568585e-01
   5.5568585e-01
   5.5568586e-01
   5.5568586e-01
   5.5568586e-01
   5.5568586e-01
   5.5568586e-01
   5.5568586e-01
   5.5568587e-01
   5.5568587e-01
   5.5568587e-01
   5.5568587e-01
   5.5568587e-01
   5.5568587e-01
   5.5568588e-01
   5.5568588e-01
   5.5568588e-01
   5.5568588e-01
   5.5568588e-01
   5.5568588e-01
   5.5568588e-01
   5.5568588e-01
   5.5568589e-01
   5.5568589e-01
   5.5568589e-01
   5.5568589e-01
   5.5568589e-01
   5.5568589e-01
   5.5568589e-01
   5.5568589e-01
   5.5568589e-01
   5.5568590e-01
   5.5568590e-01
   5.5568590e-01
   5.5568590e-01
   5.5568590e-01
   5.5568590e-01
   5.5568590e-01
   5.5568590e-01
   5.5568590e-01
   5.5568590e-01
   5.5568590e-01
   5.5568590e-01
   5.5568590e-01
   5.5568591e-01
   5.5568591e-01
   5.5568591e-01
   5.5568591e-01
   5.5568591e-01
   5.5568591e-01
   5.5568591e-01
   5.5568591e-01
   5.5568591e-01
   5.5568591e-01
   5.5568591e-01
   5.5568591e-01
   5.5568591e-01
