   6.8464072e-01
   6.2326289e-01
   5.9328300e-01
   5.7779746e-01
   5.6894327e-01
   5.6336315e-01
   5.5957034e-01
   5.5684732e-01
   5.5481664e-01
   5.5326632e-01
   5.5207094e-01
   5.5114979e-01
   5.5044368e-01
   5.4990470e-01
   5.4949327e-01
   5.4917751e-01
   5.4893326e-01
   5.4874381e-01
   5.4859899e-01
   5.4849335e-01
   5.4842386e-01
   5.4838808e-01
   5.4838316e-01
   5.4840574e-01
   5.4845218e-01
   5.4851886e-01
   5.4860235e-01
   5.4869948e-01
   5.4880744e-01
   5.4892377e-01
   5.4904639e-01
   5.4917356e-01
   5.4930386e-01
   5.4943613e-01
   5.4956940e-01
   5.4970285e-01
   5.4983581e-01
   5.4996769e-01
   5.5009799e-01
   5.5022626e-01
   5.5035214e-01
   5.5047528e-01
   5.5059540e-01
   5.5071227e-01
   5.5082568e-01
   5.5093550e-01
   5.5104159e-01
   5.5114388e-01
   5.5124233e-01
   5.5133692e-01
   5.5142768e-01
   5.5151462e-01
   5.5159782e-01
   5.5167733e-01
   5.5175324e-01
   5.5182564e-01
   5.5189461e-01
   5.5196026e-01
   5.5202269e-01
   5.5208198e-01
   5.5213824e-01
   5.5219156e-01
   5.5224205e-01
   5.5228979e-01
   5.5233488e-01
   5.5237743e-01
   5.5241751e-01
   5.5245523e-01
   5.5249069e-01
   5.5252396e-01
   5.5255515e-01
   5.5258434e-01
   5.5261163e-01
   5.5263710e-01
   5.5266083e-01
   5.5268292e-01
   5.5270345e-01
   5.5272248e-01
   5.5274011e-01
   5.5275641e-01
   5.5277144e-01
   5.5278528e-01
   5.5279799e-01
   5.5280964e-01
   5.5282028e-01
   5.5282996e-01
   5.5283875e-01
   5.5284668e-01
   5.5285381e-01
   5.5286018e-01
   5.5286582e-01
   5.5287078e-01
   5.5287508e-01
   5.5287875e-01
   5.5288183e-01
   5.5288435e-01
   5.5288631e-01
   5.5288775e-01
   5.5288868e-01
   5.5288912e-01
   5.5288909e-01
   5.5288860e-01
   5.5288767e-01
   5.5288630e-01
   5.5288450e-01
   5.5288229e-01
   5.5287968e-01
   5.5287666e-01
   5.5287325e-01
   5.5286945e-01
   5.5286527e-01
   5.5286071e-01
   5.5285577e-01
   5.5285047e-01
   5.5284480e-01
   5.5283876e-01
   5.5283235e-01
   5.5282559e-01
   5.5281847e-01
   5.5281099e-01
   5.5280315e-01
   5.5279495e-01
   5.5278640e-01
   5.5277749e-01
   5.5276823e-01
   5.5275862e-01
   5.5274865e-01
   5.5273833e-01
   5.5272766e-01
   5.5271663e-01
   5.5270525e-01
   5.5269352e-01
   5.5268143e-01
   5.5266899e-01
   5.5265620e-01
   5.5264306e-01
   5.5262956e-01
   5.5261572e-01
   5.5260152e-01
   5.5258698e-01
   5.5257208e-01
   5.5255684e-01
   5.5254125e-01
   5.5252531e-01
   5.5250903e-01
   5.5249241e-01
   5.5247545e-01
   5.5245815e-01
   5.5244051e-01
   5.5242255e-01
   5.5240425e-01
   5.5238563e-01
   5.5236669e-01
   5.5234743e-01
   5.5232786e-01
   5.5230799e-01
   5.5228781e-01
   5.5226734e-01
   5.5224659e-01
   5.5222556e-01
   5.5220426e-01
   5.5218270e-01
   5.5216088e-01
   5.5213883e-01
   5.5211655e-01
   5.5209405e-01
   5.5207135e-01
   5.5204846e-01
   5.5202540e-01
   5.5200218e-01
   5.5197881e-01
   5.5195533e-01
   5.5193174e-01
   5.5190806e-01
   5.5188433e-01
   5.5186056e-01
   5.5183677e-01
   5.5181300e-01
   5.5178926e-01
   5.5176560e-01
   5.5174204e-01
   5.5171860e-01
   5.5169533e-01
   5.5167226e-01
   5.5164942e-01
   5.5162685e-01
   5.5160459e-01
   5.5158267e-01
   5.5156113e-01
   5.5154001e-01
   5.5151935e-01
   5.5149917e-01
   5.5147951e-01
   5.5146040e-01
   5.5144186e-01
   5.5142391e-01
   5.5140655e-01
   5.5138980e-01
   5.5137364e-01
   5.5135806e-01
   5.5134303e-01
   5.5132850e-01
   5.5131442e-01
   5.5130073e-01
   5.5128733e-01
   5.5127414e-01
   5.5126106e-01
   5.5124797e-01
   5.5123476e-01
   5.5122130e-01
   5.5120747e-01
   5.5119315e-01
   5.5117824e-01
   5.5116262e-01
   5.5114620e-01
   5.5112889e-01
   5.5111064e-01
   5.5109138e-01
   5.5107108e-01
   5.5104971e-01
   5.5102727e-01
   5.5100376e-01
   5.5097920e-01
   5.5095362e-01
   5.5092705e-01
   5.5089954e-01
   5.5087115e-01
   5.5084192e-01
   5.5081191e-01
   5.5078117e-01
   5.5074977e-01
   5.5071775e-01
   5.5068517e-01
   5.5065206e-01
   5.5061848e-01
   5.5058446e-01
   5.5055004e-01
   5.5051525e-01
   5.5048012e-01
   5.5044467e-01
   5.5040894e-01
   5.5037296e-01
   5.5033674e-01
   5.5030031e-01
   5.5026371e-01
   5.5022696e-01
   5.5019009e-01
   5.5015314e-01
   5.5011615e-01
   5.5007914e-01
   5.5004216e-01
   5.5000524e-01
   5.4996841e-01
   5.4993172e-01
   5.4989519e-01
   5.4985887e-01
   5.4982278e-01
   5.4978696e-01
   5.4975144e-01
   5.4971624e-01
   5.4968139e-01
   5.4964691e-01
   5.4961283e-01
   5.4957916e-01
   5.4954593e-01
   5.4951315e-01
   5.4948083e-01
   5.4944899e-01
   5.4941764e-01
   5.4938679e-01
   5.4935644e-01
   5.4932661e-01
   5.4929730e-01
   5.4926851e-01
   5.4924025e-01
   5.4921251e-01
   5.4918531e-01
   5.4915864e-01
   5.4913249e-01
   5.4910687e-01
   5.4908178e-01
   5.4905721e-01
   5.4903316e-01
   5.4900962e-01
   5.4898659e-01
   5.4896407e-01
   5.4894205e-01
   5.4892053e-01
   5.4889949e-01
   5.4887894e-01
   5.4885886e-01
   5.4883925e-01
   5.4882010e-01
   5.4880142e-01
   5.4878318e-01
   5.4876538e-01
   5.4874802e-01
   5.4873109e-01
   5.4871458e-01
   5.4869848e-01
   5.4868280e-01
   5.4866751e-01
   5.4865262e-01
   5.4863812e-01
   5.4862400e-01
   5.4861025e-01
   5.4859687e-01
   5.4858385e-01
   5.4857118e-01
   5.4855886e-01
   5.4854689e-01
   5.4853524e-01
   5.4852393e-01
   5.4851294e-01
   5.4850227e-01
   5.4849191e-01
   5.4848185e-01
   5.4847209e-01
   5.4846262e-01
   5.4845344e-01
   5.4844455e-01
   5.4843592e-01
   5.4842757e-01
   5.4841949e-01
   5.4841166e-01
   5.4840408e-01
   5.4839676e-01
   5.4838967e-01
   5.4838283e-01
   5.4837621e-01
   5.4836983e-01
   5.4836366e-01
   5.4835771e-01
   5.4835197e-01
   5.4834644e-01
   5.4834111e-01
   5.4833597e-01
   5.4833103e-01
   5.4832627e-01
   5.4832169e-01
   5.4831728e-01
   5.4831304e-01
   5.4830896e-01
   5.4830505e-01
   5.4830128e-01
   5.4829766e-01
   5.4829419e-01
   5.4829084e-01
   5.4828763e-01
   5.4828454e-01
   5.4828157e-01
   5.4827871e-01
   5.4827595e-01
   5.4827329e-01
   5.4827072e-01
   5.4826823e-01
   5.4826581e-01
   5.4826347e-01
   5.4826118e-01
   5.4825895e-01
   5.4825675e-01
   5.4825460e-01
   5.4825246e-01
   5.4825034e-01
   5.4824822e-01
   5.4824610e-01
   5.4824397e-01
   5.4824180e-01
   5.4823960e-01
   5.4823736e-01
   5.4823505e-01
   5.4823268e-01
   5.4823023e-01
   5.4822769e-01
   5.4822504e-01
   5.4822230e-01
   5.4821943e-01
   5.4821644e-01
   5.4821332e-01
   5.4821007e-01
   5.4820667e-01
   5.4820313e-01
   5.4819944e-01
   5.4819560e-01
   5.4819161e-01
   5.4818747e-01
   5.4818318e-01
   5.4817876e-01
   5.4817419e-01
   5.4816948e-01
   5.4816465e-01
   5.4815969e-01
   5.4815461e-01
   5.4814942e-01
   5.4814413e-01
   5.4813874e-01
   5.4813327e-01
   5.4812771e-01
   5.4812207e-01
   5.4811637e-01
   5.4811061e-01
   5.4810479e-01
   5.4809893e-01
   5.4809303e-01
   5.4808710e-01
   5.4808113e-01
   5.4807514e-01
   5.4806914e-01
   5.4806312e-01
   5.4805709e-01
   5.4805106e-01
   5.4804503e-01
   5.4803901e-01
   5.4803299e-01
   5.4802698e-01
   5.4802098e-01
   5.4801500e-01
   5.4800904e-01
   5.4800310e-01
   5.4799718e-01
   5.4799128e-01
   5.4798542e-01
   5.4797958e-01
   5.4797376e-01
   5.4796798e-01
   5.4796224e-01
   5.4795652e-01
   5.4795084e-01
   5.4794519e-01
   5.4793957e-01
   5.4793400e-01
   5.4792846e-01
   5.4792295e-01
   5.4791748e-01
   5.4791205e-01
   5.4790666e-01
   5.4790131e-01
   5.4789599e-01
   5.4789071e-01
   5.4788547e-01
   5.4788026e-01
   5.4787510e-01
   5.4786997e-01
   5.4786488e-01
   5.4785982e-01
   5.4785481e-01
   5.4784983e-01
   5.4784488e-01
   5.4783997e-01
   5.4783510e-01
   5.4783027e-01
   5.4782547e-01
   5.4782070e-01
   5.4781597e-01
   5.4781127e-01
   5.4780661e-01
   5.4780198e-01
   5.4779738e-01
   5.4779282e-01
   5.4778829e-01
   5.4778379e-01
   5.4777933e-01
   5.4777489e-01
   5.4777049e-01
   5.4776611e-01
   5.4776177e-01
   5.4775746e-01
   5.4775318e-01
   5.4774893e-01
   5.4774470e-01
   5.4774051e-01
   5.4773635e-01
   5.4773221e-01
   5.4772810e-01
   5.4772403e-01
   5.4771997e-01
   5.4771595e-01
   5.4771196e-01
   5.4770799e-01
   5.4770405e-01
   5.4770014e-01
   5.4769625e-01
   5.4769239e-01
   5.4768856e-01
   5.4768475e-01
   5.4768097e-01
   5.4767722e-01
   5.4767349e-01
   5.4766979e-01
   5.4766612e-01
   5.4766246e-01
   5.4765884e-01
   5.4765524e-01
   5.4765166e-01
   5.4764811e-01
   5.4764459e-01
   5.4764109e-01
   5.4763761e-01
   5.4763416e-01
   5.4763073e-01
