   7.0796307e-01
   6.4551639e-01
   6.0732751e-01
   5.8498303e-01
   5.7222380e-01
   5.6468640e-01
   5.5999123e-01
   5.5692081e-01
   5.5483409e-01
   5.5337234e-01
   5.5232087e-01
   5.5154359e-01
   5.5095195e-01
   5.5049062e-01
   5.5012831e-01
   5.4984654e-01
   5.4962915e-01
   5.4946005e-01
   5.4932729e-01
   5.4922676e-01
   5.4916078e-01
   5.4913252e-01
   5.4914144e-01
   5.4918298e-01
   5.4925059e-01
   5.4933777e-01
   5.4943901e-01
   5.4955003e-01
   5.4966770e-01
   5.4978977e-01
   5.4991467e-01
   5.5004131e-01
   5.5016892e-01
   5.5029692e-01
   5.5042485e-01
   5.5055234e-01
   5.5067903e-01
   5.5080460e-01
   5.5092877e-01
   5.5105125e-01
   5.5117180e-01
   5.5129020e-01
   5.5140624e-01
   5.5151977e-01
   5.5163066e-01
   5.5173882e-01
   5.5184417e-01
   5.5194669e-01
   5.5204634e-01
   5.5214312e-01
   5.5223706e-01
   5.5232818e-01
   5.5241652e-01
   5.5250214e-01
   5.5258507e-01
   5.5266540e-01
   5.5274318e-01
   5.5281849e-01
   5.5289140e-01
   5.5296200e-01
   5.5303036e-01
   5.5309657e-01
   5.5316070e-01
   5.5322284e-01
   5.5328307e-01
   5.5334147e-01
   5.5339811e-01
   5.5345308e-01
   5.5350643e-01
   5.5355824e-01
   5.5360858e-01
   5.5365751e-01
   5.5370509e-01
   5.5375137e-01
   5.5379641e-01
   5.5384026e-01
   5.5388296e-01
   5.5392457e-01
   5.5396512e-01
   5.5400467e-01
   5.5404323e-01
   5.5408086e-01
   5.5411758e-01
   5.5415344e-01
   5.5418845e-01
   5.5422264e-01
   5.5425605e-01
   5.5428870e-01
   5.5432062e-01
   5.5435181e-01
   5.5438232e-01
   5.5441216e-01
   5.5444134e-01
   5.5446988e-01
   5.5449781e-01
   5.5452514e-01
   5.5455188e-01
   5.5457805e-01
   5.5460366e-01
   5.5462873e-01
   5.5465327e-01
   5.5467729e-01
   5.5470080e-01
   5.5472381e-01
   5.5474634e-01
   5.5476840e-01
   5.5478999e-01
   5.5481112e-01
   5.5483181e-01
   5.5485206e-01
   5.5487188e-01
   5.5489129e-01
   5.5491028e-01
   5.5492886e-01
   5.5494705e-01
   5.5496485e-01
   5.5498228e-01
   5.5499932e-01
   5.5501600e-01
   5.5503232e-01
   5.5504829e-01
   5.5506391e-01
   5.5507919e-01
   5.5509413e-01
   5.5510875e-01
   5.5512305e-01
   5.5513703e-01
   5.5515070e-01
   5.5516407e-01
   5.5517714e-01
   5.5518992e-01
   5.5520242e-01
   5.5521463e-01
   5.5522656e-01
   5.5523823e-01
   5.5524963e-01
   5.5526077e-01
   5.5527165e-01
   5.5528229e-01
   5.5529267e-01
   5.5530282e-01
   5.5531273e-01
   5.5532241e-01
   5.5533187e-01
   5.5534110e-01
   5.5535011e-01
   5.5535891e-01
   5.5536750e-01
   5.5537589e-01
   5.5538407e-01
   5.5539206e-01
   5.5539985e-01
   5.5540745e-01
   5.5541487e-01
   5.5542211e-01
   5.5542917e-01
   5.5543605e-01
   5.5544277e-01
   5.5544932e-01
   5.5545570e-01
   5.5546193e-01
   5.5546799e-01
   5.5547391e-01
   5.5547968e-01
   5.5548530e-01
   5.5549078e-01
   5.5549612e-01
   5.5550132e-01
   5.5550639e-01
   5.5551133e-01
   5.5551615e-01
   5.5552084e-01
   5.5552541e-01
   5.5552986e-01
   5.5553420e-01
   5.5553843e-01
   5.5554255e-01
   5.5554656e-01
   5.5555047e-01
   5.5555428e-01
   5.5555800e-01
   5.5556162e-01
   5.5556514e-01
   5.5556858e-01
   5.5557193e-01
   5.5557519e-01
   5.5557837e-01
   5.5558147e-01
   5.5558450e-01
   5.5558744e-01
   5.5559031e-01
   5.5559311e-01
   5.5559584e-01
   5.5559850e-01
   5.5560109e-01
   5.5560361e-01
   5.5560607e-01
   5.5560846e-01
   5.5561079e-01
   5.5561306e-01
   5.5561526e-01
   5.5561741e-01
   5.5561949e-01
   5.5562151e-01
   5.5562347e-01
   5.5562538e-01
   5.5562722e-01
   5.5562901e-01
   5.5563074e-01
   5.5563241e-01
   5.5563403e-01
   5.5563559e-01
   5.5563710e-01
   5.5563856e-01
   5.5563997e-01
   5.5564132e-01
   5.5564263e-01
   5.5564389e-01
   5.5564511e-01
   5.5564628e-01
   5.5564742e-01
   5.5564851e-01
   5.5564956e-01
   5.5565058e-01
   5.5565156e-01
   5.5565251e-01
   5.5565342e-01
   5.5565431e-01
   5.5565516e-01
   5.5565599e-01
   5.5565679e-01
   5.5565757e-01
   5.5565832e-01
   5.5565905e-01
   5.5565976e-01
   5.5566044e-01
   5.5566110e-01
   5.5566175e-01
   5.5566237e-01
   5.5566298e-01
   5.5566357e-01
   5.5566414e-01
   5.5566470e-01
   5.5566524e-01
   5.5566577e-01
   5.5566628e-01
   5.5566678e-01
   5.5566726e-01
   5.5566773e-01
   5.5566819e-01
   5.5566864e-01
   5.5566907e-01
   5.5566949e-01
   5.5566990e-01
   5.5567030e-01
   5.5567069e-01
   5.5567107e-01
   5.5567144e-01
   5.5567180e-01
   5.5567215e-01
   5.5567248e-01
   5.5567281e-01
   5.5567314e-01
   5.5567345e-01
   5.5567375e-01
   5.5567405e-01
   5.5567434e-01
   5.5567462e-01
   5.5567489e-01
   5.5567516e-01
   5.5567542e-01
   5.5567567e-01
   5.5567592e-01
   5.5567616e-01
   5.5567640e-01
   5.5567663e-01
   5.5567685e-01
   5.5567707e-01
   5.5567729e-01
   5.5567750e-01
   5.5567770e-01
   5.5567790e-01
   5.5567810e-01
   5.5567829e-01
   5.5567847e-01
   5.5567866e-01
   5.5567883e-01
   5.5567901e-01
   5.5567918e-01
   5.5567935e-01
   5.5567951e-01
   5.5567967e-01
   5.5567982e-01
   5.5567997e-01
   5.5568012e-01
   5.5568027e-01
   5.5568041e-01
   5.5568055e-01
   5.5568068e-01
   5.5568081e-01
   5.5568094e-01
   5.5568107e-01
   5.5568119e-01
   5.5568131e-01
   5.5568143e-01
   5.5568154e-01
   5.5568165e-01
   5.5568176e-01
   5.5568187e-01
   5.5568197e-01
   5.5568207e-01
   5.5568217e-01
   5.5568227e-01
   5.5568236e-01
   5.5568245e-01
   5.5568254e-01
   5.5568263e-01
   5.5568272e-01
   5.5568280e-01
   5.5568288e-01
   5.5568296e-01
   5.5568304e-01
   5.5568311e-01
   5.5568318e-01
   5.5568326e-01
   5.5568333e-01
   5.5568339e-01
   5.5568346e-01
   5.5568352e-01
   5.5568359e-01
   5.5568365e-01
   5.5568371e-01
   5.5568377e-01
   5.5568382e-01
   5.5568388e-01
   5.5568393e-01
   5.5568398e-01
   5.5568404e-01
   5.5568408e-01
   5.5568413e-01
   5.5568418e-01
   5.5568423e-01
   5.5568427e-01
   5.5568432e-01
   5.5568436e-01
   5.5568440e-01
   5.5568444e-01
   5.5568448e-01
   5.5568452e-01
   5.5568455e-01
   5.5568459e-01
   5.5568463e-01
   5.5568466e-01
   5.5568469e-01
   5.5568473e-01
   5.5568476e-01
   5.5568479e-01
   5.5568482e-01
   5.5568485e-01
   5.5568488e-01
   5.5568491e-01
   5.5568493e-01
   5.5568496e-01
   5.5568499e-01
   5.5568501e-01
   5.5568503e-01
   5.5568506e-01
   5.5568508e-01
   5.5568510e-01
   5.5568513e-01
   5.5568515e-01
   5.5568517e-01
   5.5568519e-01
   5.5568521e-01
   5.5568523e-01
   5.5568525e-01
   5.5568526e-01
   5.5568528e-01
   5.5568530e-01
   5.5568532e-01
   5.5568533e-01
   5.5568535e-01
   5.5568536e-01
   5.5568538e-01
   5.5568539e-01
   5.5568541e-01
   5.5568542e-01
   5.5568543e-01
   5.5568545e-01
   5.5568546e-01
   5.5568547e-01
   5.5568549e-01
   5.5568550e-01
   5.5568551e-01
   5.5568552e-01
   5.5568553e-01
   5.5568554e-01
   5.5568555e-01
   5.5568556e-01
   5.5568557e-01
   5.5568558e-01
   5.5568559e-01
   5.5568560e-01
   5.5568561e-01
   5.5568562e-01
   5.5568562e-01
   5.5568563e-01
   5.5568564e-01
   5.5568565e-01
   5.5568566e-01
   5.5568566e-01
   5.5568567e-01
   5.5568568e-01
   5.5568568e-01
   5.5568569e-01
   5.5568570e-01
   5.5568570e-01
   5.5568571e-01
   5.5568571e-01
   5.5568572e-01
   5.5568573e-01
   5.5568573e-01
   5.5568574e-01
   5.5568574e-01
   5.5568575e-01
   5.5568575e-01
   5.5568576e-01
   5.5568576e-01
   5.5568577e-01
   5.5568577e-01
   5.5568577e-01
   5.5568578e-01
   5.5568578e-01
   5.5568579e-01
   5.5568579e-01
   5.5568579e-01
   5.5568580e-01
   5.5568580e-01
   5.5568580e-01
   5.5568581e-01
   5.5568581e-01
   5.5568581e-01
   5.5568582e-01
   5.5568582e-01
   5.5568582e-01
   5.5568583e-01
   5.5568583e-01
   5.5568583e-01
   5.5568583e-01
   5.5568584e-01
   5.5568584e-01
   5.5568584e-01
   5.5568584e-01
   5.5568585e-01
   5.5568585e-01
   5.5568585e-01
   5.5568585e-01
   5.5568585e-01
   5.5568586e-01
   5.5568586e-01
   5.5568586e-01
   5.5568586e-01
   5.5568586e-01
   5.5568587e-01
   5.5568587e-01
   5.5568587e-01
   5.5568587e-01
   5.5568587e-01
   5.5568587e-01
   5.5568588e-01
   5.5568588e-01
   5.5568588e-01
   5.5568588e-01
   5.5568588e-01
   5.5568588e-01
   5.5568588e-01
   5.5568588e-01
   5.5568589e-01
   5.5568589e-01
   5.5568589e-01
   5.5568589e-01
   5.5568589e-01
   5.5568589e-01
   5.5568589e-01
   5.5568589e-01
   5.5568589e-01
   5.5568590e-01
   5.5568590e-01
   5.5568590e-01
   5.5568590e-01
   5.5568590e-01
   5.5568590e-01
   5.5568590e-01
   5.5568590e-01
   5.5568590e-01
   5.5568590e-01
   5.5568590e-01
   5.5568590e-01
   5.5568590e-01
   5.5568591e-01
