   7.1296040e-01
   6.7180733e-01
   6.3376261e-01
   6.0035353e-01
   5.7911958e-01
   5.6750753e-01
   5.6101966e-01
   5.5713321e-01
   5.5465516e-01
   5.5299916e-01
   5.5185042e-01
   5.5102799e-01
   5.5042751e-01
   5.4999055e-01
   5.4968179e-01
   5.4947483e-01
   5.4934762e-01
   5.4928202e-01
   5.4926383e-01
   5.4928216e-01
   5.4932879e-01
   5.4939743e-01
   5.4948321e-01
   5.4958234e-01
   5.4969178e-01
   5.4980912e-01
   5.4993238e-01
   5.5005994e-01
   5.5019046e-01
   5.5032282e-01
   5.5045609e-01
   5.5058949e-01
   5.5072234e-01
   5.5085411e-01
   5.5098433e-01
   5.5111260e-01
   5.5123862e-01
   5.5136212e-01
   5.5148292e-01
   5.5160084e-01
   5.5171579e-01
   5.5182768e-01
   5.5193646e-01
   5.5204212e-01
   5.5214467e-01
   5.5224411e-01
   5.5234049e-01
   5.5243386e-01
   5.5252426e-01
   5.5261177e-01
   5.5269644e-01
   5.5277835e-01
   5.5285758e-01
   5.5293418e-01
   5.5300824e-01
   5.5307982e-01
   5.5314901e-01
   5.5321586e-01
   5.5328046e-01
   5.5334288e-01
   5.5340318e-01
   5.5346143e-01
   5.5351771e-01
   5.5357209e-01
   5.5362463e-01
   5.5367539e-01
   5.5372446e-01
   5.5377189e-01
   5.5381775e-01
   5.5386210e-01
   5.5390500e-01
   5.5394653e-01
   5.5398673e-01
   5.5402567e-01
   5.5406341e-01
   5.5410000e-01
   5.5413549e-01
   5.5416994e-01
   5.5420340e-01
   5.5423592e-01
   5.5426754e-01
   5.5429832e-01
   5.5432828e-01
   5.5435747e-01
   5.5438594e-01
   5.5441371e-01
   5.5444082e-01
   5.5446730e-01
   5.5449319e-01
   5.5451850e-01
   5.5454327e-01
   5.5456752e-01
   5.5459127e-01
   5.5461454e-01
   5.5463734e-01
   5.5465971e-01
   5.5468164e-01
   5.5470316e-01
   5.5472428e-01
   5.5474501e-01
   5.5476536e-01
   5.5478533e-01
   5.5480495e-01
   5.5482421e-01
   5.5484312e-01
   5.5486169e-01
   5.5487993e-01
   5.5489784e-01
   5.5491542e-01
   5.5493269e-01
   5.5494963e-01
   5.5496627e-01
   5.5498260e-01
   5.5499863e-01
   5.5501436e-01
   5.5502980e-01
   5.5504494e-01
   5.5505979e-01
   5.5507436e-01
   5.5508864e-01
   5.5510265e-01
   5.5511638e-01
   5.5512984e-01
   5.5514303e-01
   5.5515595e-01
   5.5516861e-01
   5.5518102e-01
   5.5519317e-01
   5.5520507e-01
   5.5521672e-01
   5.5522812e-01
   5.5523928e-01
   5.5525021e-01
   5.5526090e-01
   5.5527136e-01
   5.5528160e-01
   5.5529161e-01
   5.5530140e-01
   5.5531097e-01
   5.5532034e-01
   5.5532949e-01
   5.5533843e-01
   5.5534718e-01
   5.5535573e-01
   5.5536408e-01
   5.5537224e-01
   5.5538021e-01
   5.5538800e-01
   5.5539560e-01
   5.5540303e-01
   5.5541028e-01
   5.5541737e-01
   5.5542428e-01
   5.5543104e-01
   5.5543763e-01
   5.5544406e-01
   5.5545034e-01
   5.5545647e-01
   5.5546244e-01
   5.5546828e-01
   5.5547397e-01
   5.5547953e-01
   5.5548495e-01
   5.5549023e-01
   5.5549539e-01
   5.5550042e-01
   5.5550533e-01
   5.5551011e-01
   5.5551478e-01
   5.5551933e-01
   5.5552377e-01
   5.5552810e-01
   5.5553233e-01
   5.5553644e-01
   5.5554046e-01
   5.5554438e-01
   5.5554820e-01
   5.5555192e-01
   5.5555556e-01
   5.5555910e-01
   5.5556256e-01
   5.5556593e-01
   5.5556921e-01
   5.5557242e-01
   5.5557555e-01
   5.5557860e-01
   5.5558157e-01
   5.5558447e-01
   5.5558730e-01
   5.5559007e-01
   5.5559276e-01
   5.5559539e-01
   5.5559795e-01
   5.5560045e-01
   5.5560288e-01
   5.5560526e-01
   5.5560758e-01
   5.5560984e-01
   5.5561204e-01
   5.5561419e-01
   5.5561628e-01
   5.5561832e-01
   5.5562030e-01
   5.5562223e-01
   5.5562411e-01
   5.5562595e-01
   5.5562773e-01
   5.5562946e-01
   5.5563114e-01
   5.5563278e-01
   5.5563437e-01
   5.5563591e-01
   5.5563740e-01
   5.5563886e-01
   5.5564026e-01
   5.5564162e-01
   5.5564294e-01
   5.5564422e-01
   5.5564545e-01
   5.5564665e-01
   5.5564780e-01
   5.5564892e-01
   5.5564999e-01
   5.5565104e-01
   5.5565204e-01
   5.5565301e-01
   5.5565395e-01
   5.5565486e-01
   5.5565574e-01
   5.5565659e-01
   5.5565741e-01
   5.5565821e-01
   5.5565898e-01
   5.5565973e-01
   5.5566045e-01
   5.5566115e-01
   5.5566183e-01
   5.5566248e-01
   5.5566312e-01
   5.5566374e-01
   5.5566434e-01
   5.5566493e-01
   5.5566549e-01
   5.5566604e-01
   5.5566657e-01
   5.5566709e-01
   5.5566760e-01
   5.5566809e-01
   5.5566856e-01
   5.5566902e-01
   5.5566947e-01
   5.5566991e-01
   5.5567033e-01
   5.5567075e-01
   5.5567115e-01
   5.5567154e-01
   5.5567192e-01
   5.5567229e-01
   5.5567265e-01
   5.5567300e-01
   5.5567334e-01
   5.5567367e-01
   5.5567399e-01
   5.5567430e-01
   5.5567461e-01
   5.5567491e-01
   5.5567520e-01
   5.5567548e-01
   5.5567575e-01
   5.5567602e-01
   5.5567628e-01
   5.5567653e-01
   5.5567678e-01
   5.5567702e-01
   5.5567725e-01
   5.5567748e-01
   5.5567770e-01
   5.5567791e-01
   5.5567812e-01
   5.5567833e-01
   5.5567852e-01
   5.5567872e-01
   5.5567891e-01
   5.5567909e-01
   5.5567927e-01
   5.5567944e-01
   5.5567961e-01
   5.5567978e-01
   5.5567994e-01
   5.5568010e-01
   5.5568025e-01
   5.5568040e-01
   5.5568054e-01
   5.5568068e-01
   5.5568082e-01
   5.5568095e-01
   5.5568108e-01
   5.5568121e-01
   5.5568133e-01
   5.5568146e-01
   5.5568157e-01
   5.5568169e-01
   5.5568180e-01
   5.5568191e-01
   5.5568201e-01
   5.5568211e-01
   5.5568221e-01
   5.5568231e-01
   5.5568241e-01
   5.5568250e-01
   5.5568259e-01
   5.5568268e-01
   5.5568276e-01
   5.5568285e-01
   5.5568293e-01
   5.5568301e-01
   5.5568308e-01
   5.5568316e-01
   5.5568323e-01
   5.5568330e-01
   5.5568337e-01
   5.5568344e-01
   5.5568350e-01
   5.5568357e-01
   5.5568363e-01
   5.5568369e-01
   5.5568375e-01
   5.5568381e-01
   5.5568386e-01
   5.5568392e-01
   5.5568397e-01
   5.5568402e-01
   5.5568407e-01
   5.5568412e-01
   5.5568417e-01
   5.5568421e-01
   5.5568426e-01
   5.5568430e-01
   5.5568434e-01
   5.5568439e-01
   5.5568443e-01
   5.5568447e-01
   5.5568451e-01
   5.5568454e-01
   5.5568458e-01
   5.5568461e-01
   5.5568465e-01
   5.5568468e-01
   5.5568472e-01
   5.5568475e-01
   5.5568478e-01
   5.5568481e-01
   5.5568484e-01
   5.5568487e-01
   5.5568490e-01
   5.5568492e-01
   5.5568495e-01
   5.5568497e-01
   5.5568500e-01
   5.5568502e-01
   5.5568505e-01
   5.5568507e-01
   5.5568509e-01
   5.5568512e-01
   5.5568514e-01
   5.5568516e-01
   5.5568518e-01
   5.5568520e-01
   5.5568522e-01
   5.5568524e-01
   5.5568525e-01
   5.5568527e-01
   5.5568529e-01
   5.5568531e-01
   5.5568532e-01
   5.5568534e-01
   5.5568535e-01
   5.5568537e-01
   5.5568538e-01
   5.5568540e-01
   5.5568541e-01
   5.5568543e-01
   5.5568544e-01
   5.5568545e-01
   5.5568546e-01
   5.5568548e-01
   5.5568549e-01
   5.5568550e-01
   5.5568551e-01
   5.5568552e-01
   5.5568553e-01
   5.5568554e-01
   5.5568555e-01
   5.5568556e-01
   5.5568557e-01
   5.5568558e-01
   5.5568559e-01
   5.5568560e-01
   5.5568561e-01
   5.5568562e-01
   5.5568563e-01
   5.5568563e-01
   5.5568564e-01
   5.5568565e-01
   5.5568566e-01
   5.5568566e-01
   5.5568567e-01
   5.5568568e-01
   5.5568568e-01
   5.5568569e-01
   5.5568570e-01
   5.5568570e-01
   5.5568571e-01
   5.5568571e-01
   5.5568572e-01
   5.5568573e-01
   5.5568573e-01
   5.5568574e-01
   5.5568574e-01
   5.5568575e-01
   5.5568575e-01
   5.5568576e-01
   5.5568576e-01
   5.5568576e-01
   5.5568577e-01
   5.5568577e-01
   5.5568578e-01
   5.5568578e-01
   5.5568579e-01
   5.5568579e-01
   5.5568579e-01
   5.5568580e-01
   5.5568580e-01
   5.5568580e-01
   5.5568581e-01
   5.5568581e-01
   5.5568581e-01
   5.5568582e-01
   5.5568582e-01
   5.5568582e-01
   5.5568582e-01
   5.5568583e-01
   5.5568583e-01
   5.5568583e-01
   5.5568584e-01
   5.5568584e-01
   5.5568584e-01
   5.5568584e-01
   5.5568584e-01
   5.5568585e-01
   5.5568585e-01
   5.5568585e-01
   5.5568585e-01
   5.5568586e-01
   5.5568586e-01
   5.5568586e-01
   5.5568586e-01
   5.5568586e-01
   5.5568586e-01
   5.5568587e-01
   5.5568587e-01
   5.5568587e-01
   5.5568587e-01
   5.5568587e-01
   5.5568587e-01
   5.5568588e-01
   5.5568588e-01
   5.5568588e-01
   5.5568588e-01
   5.5568588e-01
   5.5568588e-01
   5.5568588e-01
   5.5568588e-01
   5.5568589e-01
   5.5568589e-01
   5.5568589e-01
   5.5568589e-01
   5.5568589e-01
   5.5568589e-01
   5.5568589e-01
   5.5568589e-01
   5.5568589e-01
   5.5568590e-01
   5.5568590e-01
   5.5568590e-01
   5.5568590e-01
   5.5568590e-01
   5.5568590e-01
   5.5568590e-01
   5.5568590e-01
   5.5568590e-01
   5.5568590e-01
   5.5568590e-01
   5.5568590e-01
   5.5568590e-01
   5.5568591e-01
   5.5568591e-01
   5.5568591e-01
   5.5568591e-01
   5.5568591e-01
