   7.1188350e-01
   6.5841931e-01
   6.2434168e-01
   6.0271567e-01
   5.8871696e-01
   5.7934026e-01
   5.7280167e-01
   5.6805678e-01
   5.6449301e-01
   5.6174786e-01
   5.5959933e-01
   5.5789949e-01
   5.5653949e-01
   5.5543461e-01
   5.5451932e-01
   5.5374695e-01
   5.5308965e-01
   5.5253365e-01
   5.5207104e-01
   5.5169389e-01
   5.5139281e-01
   5.5115766e-01
   5.5097868e-01
   5.5084709e-01
   5.5075541e-01
   5.5069739e-01
   5.5066788e-01
   5.5066264e-01
   5.5067804e-01
   5.5071095e-01
   5.5075861e-01
   5.5081857e-01
   5.5088864e-01
   5.5096690e-01
   5.5105169e-01
   5.5114157e-01
   5.5123533e-01
   5.5133192e-01
   5.5143047e-01
   5.5153025e-01
   5.5163062e-01
   5.5173107e-01
   5.5183115e-01
   5.5193049e-01
   5.5202878e-01
   5.5212575e-01
   5.5222120e-01
   5.5231494e-01
   5.5240683e-01
   5.5249675e-01
   5.5258461e-01
   5.5267033e-01
   5.5275387e-01
   5.5283520e-01
   5.5291429e-01
   5.5299114e-01
   5.5306576e-01
   5.5313815e-01
   5.5320836e-01
   5.5327641e-01
   5.5334234e-01
   5.5340619e-01
   5.5346802e-01
   5.5352789e-01
   5.5358584e-01
   5.5364195e-01
   5.5369626e-01
   5.5374886e-01
   5.5379979e-01
   5.5384912e-01
   5.5389692e-01
   5.5394325e-01
   5.5398816e-01
   5.5403172e-01
   5.5407399e-01
   5.5411502e-01
   5.5415485e-01
   5.5419355e-01
   5.5423115e-01
   5.5426770e-01
   5.5430325e-01
   5.5433782e-01
   5.5437146e-01
   5.5440419e-01
   5.5443606e-01
   5.5446710e-01
   5.5449732e-01
   5.5452676e-01
   5.5455545e-01
   5.5458340e-01
   5.5461064e-01
   5.5463720e-01
   5.5466309e-01
   5.5468833e-01
   5.5471294e-01
   5.5473694e-01
   5.5476035e-01
   5.5478318e-01
   5.5480545e-01
   5.5482717e-01
   5.5484836e-01
   5.5486904e-01
   5.5488921e-01
   5.5490889e-01
   5.5492809e-01
   5.5494683e-01
   5.5496511e-01
   5.5498296e-01
   5.5500037e-01
   5.5501736e-01
   5.5503394e-01
   5.5505013e-01
   5.5506592e-01
   5.5508133e-01
   5.5509638e-01
   5.5511106e-01
   5.5512539e-01
   5.5513937e-01
   5.5515303e-01
   5.5516635e-01
   5.5517935e-01
   5.5519205e-01
   5.5520444e-01
   5.5521653e-01
   5.5522833e-01
   5.5523985e-01
   5.5525110e-01
   5.5526207e-01
   5.5527279e-01
   5.5528324e-01
   5.5529345e-01
   5.5530341e-01
   5.5531313e-01
   5.5532262e-01
   5.5533189e-01
   5.5534093e-01
   5.5534975e-01
   5.5535836e-01
   5.5536677e-01
   5.5537497e-01
   5.5538298e-01
   5.5539079e-01
   5.5539842e-01
   5.5540586e-01
   5.5541313e-01
   5.5542022e-01
   5.5542714e-01
   5.5543389e-01
   5.5544048e-01
   5.5544691e-01
   5.5545318e-01
   5.5545931e-01
   5.5546528e-01
   5.5547111e-01
   5.5547680e-01
   5.5548235e-01
   5.5548777e-01
   5.5549306e-01
   5.5549821e-01
   5.5550325e-01
   5.5550816e-01
   5.5551295e-01
   5.5551762e-01
   5.5552218e-01
   5.5552663e-01
   5.5553097e-01
   5.5553521e-01
   5.5553934e-01
   5.5554337e-01
   5.5554730e-01
   5.5555114e-01
   5.5555488e-01
   5.5555853e-01
   5.5556209e-01
   5.5556556e-01
   5.5556895e-01
   5.5557226e-01
   5.5557548e-01
   5.5557862e-01
   5.5558169e-01
   5.5558468e-01
   5.5558759e-01
   5.5559044e-01
   5.5559321e-01
   5.5559591e-01
   5.5559854e-01
   5.5560111e-01
   5.5560362e-01
   5.5560606e-01
   5.5560843e-01
   5.5561075e-01
   5.5561301e-01
   5.5561520e-01
   5.5561734e-01
   5.5561943e-01
   5.5562146e-01
   5.5562343e-01
   5.5562535e-01
   5.5562722e-01
   5.5562903e-01
   5.5563079e-01
   5.5563250e-01
   5.5563417e-01
   5.5563578e-01
   5.5563734e-01
   5.5563885e-01
   5.5564032e-01
   5.5564174e-01
   5.5564311e-01
   5.5564444e-01
   5.5564572e-01
   5.5564695e-01
   5.5564815e-01
   5.5564930e-01
   5.5565041e-01
   5.5565148e-01
   5.5565251e-01
   5.5565350e-01
   5.5565445e-01
   5.5565537e-01
   5.5565625e-01
   5.5565709e-01
   5.5565790e-01
   5.5565867e-01
   5.5565942e-01
   5.5566013e-01
   5.5566081e-01
   5.5566147e-01
   5.5566210e-01
   5.5566270e-01
   5.5566328e-01
   5.5566383e-01
   5.5566437e-01
   5.5566488e-01
   5.5566538e-01
   5.5566586e-01
   5.5566632e-01
   5.5566677e-01
   5.5566720e-01
   5.5566763e-01
   5.5566804e-01
   5.5566844e-01
   5.5566883e-01
   5.5566921e-01
   5.5566958e-01
   5.5566994e-01
   5.5567029e-01
   5.5567064e-01
   5.5567098e-01
   5.5567131e-01
   5.5567163e-01
   5.5567195e-01
   5.5567226e-01
   5.5567257e-01
   5.5567287e-01
   5.5567316e-01
   5.5567345e-01
   5.5567373e-01
   5.5567400e-01
   5.5567427e-01
   5.5567454e-01
   5.5567480e-01
   5.5567505e-01
   5.5567530e-01
   5.5567555e-01
   5.5567579e-01
   5.5567602e-01
   5.5567625e-01
   5.5567648e-01
   5.5567670e-01
   5.5567691e-01
   5.5567712e-01
   5.5567733e-01
   5.5567753e-01
   5.5567773e-01
   5.5567793e-01
   5.5567812e-01
   5.5567830e-01
   5.5567848e-01
   5.5567866e-01
   5.5567884e-01
   5.5567901e-01
   5.5567917e-01
   5.5567934e-01
   5.5567950e-01
   5.5567965e-01
   5.5567980e-01
   5.5567995e-01
   5.5568010e-01
   5.5568024e-01
   5.5568038e-01
   5.5568052e-01
   5.5568065e-01
   5.5568078e-01
   5.5568091e-01
   5.5568103e-01
   5.5568115e-01
   5.5568127e-01
   5.5568139e-01
   5.5568150e-01
   5.5568161e-01
   5.5568172e-01
   5.5568182e-01
   5.5568192e-01
   5.5568202e-01
   5.5568212e-01
   5.5568222e-01
   5.5568231e-01
   5.5568240e-01
   5.5568249e-01
   5.5568258e-01
   5.5568266e-01
   5.5568274e-01
   5.5568282e-01
   5.5568290e-01
   5.5568298e-01
   5.5568305e-01
   5.5568313e-01
   5.5568320e-01
   5.5568327e-01
   5.5568333e-01
   5.5568340e-01
   5.5568346e-01
   5.5568353e-01
   5.5568359e-01
   5.5568365e-01
   5.5568371e-01
   5.5568376e-01
   5.5568382e-01
   5.5568387e-01
   5.5568393e-01
   5.5568398e-01
   5.5568403e-01
   5.5568408e-01
   5.5568412e-01
   5.5568417e-01
   5.5568421e-01
   5.5568426e-01
   5.5568430e-01
   5.5568434e-01
   5.5568438e-01
   5.5568442e-01
   5.5568446e-01
   5.5568450e-01
   5.5568454e-01
   5.5568457e-01
   5.5568461e-01
   5.5568464e-01
   5.5568468e-01
   5.5568471e-01
   5.5568474e-01
   5.5568477e-01
   5.5568480e-01
   5.5568483e-01
   5.5568486e-01
   5.5568489e-01
   5.5568491e-01
   5.5568494e-01
   5.5568496e-01
   5.5568499e-01
   5.5568501e-01
   5.5568504e-01
   5.5568506e-01
   5.5568508e-01
   5.5568511e-01
   5.5568513e-01
   5.5568515e-01
   5.5568517e-01
   5.5568519e-01
   5.5568521e-01
   5.5568523e-01
   5.5568524e-01
   5.5568526e-01
   5.5568528e-01
   5.5568530e-01
   5.5568531e-01
   5.5568533e-01
   5.5568534e-01
   5.5568536e-01
   5.5568537e-01
   5.5568539e-01
   5.5568540e-01
   5.5568542e-01
   5.5568543e-01
   5.5568544e-01
   5.5568546e-01
   5.5568547e-01
   5.5568548e-01
   5.5568549e-01
   5.5568550e-01
   5.5568551e-01
   5.5568553e-01
   5.5568554e-01
   5.5568555e-01
   5.5568556e-01
   5.5568557e-01
   5.5568558e-01
   5.5568558e-01
   5.5568559e-01
   5.5568560e-01
   5.5568561e-01
   5.5568562e-01
   5.5568563e-01
   5.5568564e-01
   5.5568564e-01
   5.5568565e-01
   5.5568566e-01
   5.5568566e-01
   5.5568567e-01
   5.5568568e-01
   5.5568568e-01
   5.5568569e-01
   5.5568570e-01
   5.5568570e-01
   5.5568571e-01
   5.5568572e-01
   5.5568572e-01
   5.5568573e-01
   5.5568573e-01
   5.5568574e-01
   5.5568574e-01
   5.5568575e-01
   5.5568575e-01
   5.5568576e-01
   5.5568576e-01
   5.5568577e-01
   5.5568577e-01
   5.5568577e-01
   5.5568578e-01
   5.5568578e-01
   5.5568579e-01
   5.5568579e-01
   5.5568579e-01
   5.5568580e-01
   5.5568580e-01
   5.5568580e-01
   5.5568581e-01
   5.5568581e-01
   5.5568581e-01
   5.5568582e-01
   5.5568582e-01
   5.5568582e-01
   5.5568582e-01
   5.5568583e-01
   5.5568583e-01
   5.5568583e-01
   5.5568584e-01
   5.5568584e-01
   5.5568584e-01
   5.5568584e-01
   5.5568584e-01
   5.5568585e-01
   5.5568585e-01
   5.5568585e-01
   5.5568585e-01
   5.5568586e-01
   5.5568586e-01
   5.5568586e-01
   5.5568586e-01
   5.5568586e-01
   5.5568586e-01
   5.5568587e-01
   5.5568587e-01
   5.5568587e-01
   5.5568587e-01
   5.5568587e-01
   5.5568587e-01
   5.5568588e-01
   5.5568588e-01
   5.5568588e-01
   5.5568588e-01
   5.5568588e-01
   5.5568588e-01
   5.5568588e-01
   5.5568588e-01
   5.5568589e-01
   5.5568589e-01
   5.5568589e-01
   5.5568589e-01
   5.5568589e-01
   5.5568589e-01
   5.5568589e-01
   5.5568589e-01
   5.5568589e-01
   5.5568590e-01
   5.5568590e-01
   5.5568590e-01
   5.5568590e-01
   5.5568590e-01
   5.5568590e-01
   5.5568590e-01
   5.5568590e-01
   5.5568590e-01
   5.5568590e-01
   5.5568590e-01
   5.5568590e-01
   5.5568590e-01
   5.5568591e-01
   5.5568591e-01
   5.5568591e-01
