   6.8778038e-01
   6.5002392e-01
   6.2333776e-01
   6.0449921e-01
   5.9113324e-01
   5.8154497e-01
   5.7455327e-01
   5.6934854e-01
   5.6538627e-01
   5.6230894e-01
   5.5988405e-01
   5.5795563e-01
   5.5641257e-01
   5.5517191e-01
   5.5417034e-01
   5.5335915e-01
   5.5270073e-01
   5.5216584e-01
   5.5173164e-01
   5.5138014e-01
   5.5109704e-01
   5.5087088e-01
   5.5069239e-01
   5.5055399e-01
   5.5044942e-01
   5.5037348e-01
   5.5032179e-01
   5.5029067e-01
   5.5027696e-01
   5.5027801e-01
   5.5029153e-01
   5.5031557e-01
   5.5034848e-01
   5.5038883e-01
   5.5043542e-01
   5.5048721e-01
   5.5054330e-01
   5.5060290e-01
   5.5066533e-01
   5.5072998e-01
   5.5079633e-01
   5.5086388e-01
   5.5093221e-01
   5.5100093e-01
   5.5106969e-01
   5.5113817e-01
   5.5120611e-01
   5.5127327e-01
   5.5133942e-01
   5.5140439e-01
   5.5146802e-01
   5.5153019e-01
   5.5159080e-01
   5.5164976e-01
   5.5170702e-01
   5.5176254e-01
   5.5181630e-01
   5.5186828e-01
   5.5191850e-01
   5.5196697e-01
   5.5201372e-01
   5.5205876e-01
   5.5210215e-01
   5.5214392e-01
   5.5218412e-01
   5.5222278e-01
   5.5225997e-01
   5.5229572e-01
   5.5233008e-01
   5.5236311e-01
   5.5239485e-01
   5.5242534e-01
   5.5245463e-01
   5.5248277e-01
   5.5250979e-01
   5.5253575e-01
   5.5256068e-01
   5.5258463e-01
   5.5260763e-01
   5.5262972e-01
   5.5265095e-01
   5.5267135e-01
   5.5269095e-01
   5.5270981e-01
   5.5272796e-01
   5.5274543e-01
   5.5276227e-01
   5.5277852e-01
   5.5279421e-01
   5.5280940e-01
   5.5282412e-01
   5.5283842e-01
   5.5285234e-01
   5.5286592e-01
   5.5287921e-01
   5.5289224e-01
   5.5290505e-01
   5.5291766e-01
   5.5293008e-01
   5.5294231e-01
   5.5295435e-01
   5.5296614e-01
   5.5297765e-01
   5.5298879e-01
   5.5299949e-01
   5.5300964e-01
   5.5301914e-01
   5.5302787e-01
   5.5303576e-01
   5.5304271e-01
   5.5304866e-01
   5.5305356e-01
   5.5305738e-01
   5.5306010e-01
   5.5306175e-01
   5.5306232e-01
   5.5306185e-01
   5.5306036e-01
   5.5305789e-01
   5.5305447e-01
   5.5305012e-01
   5.5304489e-01
   5.5303878e-01
   5.5303183e-01
   5.5302406e-01
   5.5301547e-01
   5.5300607e-01
   5.5299588e-01
   5.5298490e-01
   5.5297312e-01
   5.5296056e-01
   5.5294722e-01
   5.5293308e-01
   5.5291816e-01
   5.5290244e-01
   5.5288594e-01
   5.5286866e-01
   5.5285059e-01
   5.5283174e-01
   5.5281212e-01
   5.5279173e-01
   5.5277059e-01
   5.5274870e-01
   5.5272607e-01
   5.5270272e-01
   5.5267866e-01
   5.5265390e-01
   5.5262846e-01
   5.5260235e-01
   5.5257557e-01
   5.5254815e-01
   5.5252010e-01
   5.5249143e-01
   5.5246215e-01
   5.5243227e-01
   5.5240181e-01
   5.5237077e-01
   5.5233916e-01
   5.5230699e-01
   5.5227427e-01
   5.5224102e-01
   5.5220722e-01
   5.5217291e-01
   5.5213807e-01
   5.5210272e-01
   5.5206687e-01
   5.5203051e-01
   5.5199367e-01
   5.5195633e-01
   5.5191852e-01
   5.5188024e-01
   5.5184149e-01
   5.5180228e-01
   5.5176261e-01
   5.5172250e-01
   5.5168195e-01
   5.5164096e-01
   5.5159955e-01
   5.5155772e-01
   5.5151548e-01
   5.5147283e-01
   5.5142979e-01
   5.5138637e-01
   5.5134256e-01
   5.5129838e-01
   5.5125385e-01
   5.5120896e-01
   5.5116372e-01
   5.5111816e-01
   5.5107227e-01
   5.5102607e-01
   5.5097956e-01
   5.5093276e-01
   5.5088569e-01
   5.5083834e-01
   5.5079073e-01
   5.5074288e-01
   5.5069479e-01
   5.5064648e-01
   5.5059796e-01
   5.5054924e-01
   5.5050034e-01
   5.5045127e-01
   5.5040205e-01
   5.5035268e-01
   5.5030319e-01
   5.5025359e-01
   5.5020389e-01
   5.5015410e-01
   5.5010426e-01
   5.5005437e-01
   5.5000445e-01
   5.4995451e-01
   5.4990458e-01
   5.4985468e-01
   5.4980482e-01
   5.4975503e-01
   5.4970532e-01
   5.4965571e-01
   5.4960624e-01
   5.4955692e-01
   5.4950777e-01
   5.4945883e-01
   5.4941012e-01
   5.4936166e-01
   5.4931350e-01
   5.4926565e-01
   5.4921815e-01
   5.4917104e-01
   5.4912436e-01
   5.4907814e-01
   5.4903243e-01
   5.4898729e-01
   5.4894275e-01
   5.4889888e-01
   5.4885574e-01
   5.4881339e-01
   5.4877191e-01
   5.4873138e-01
   5.4869190e-01
   5.4865355e-01
   5.4861644e-01
   5.4858071e-01
   5.4854648e-01
   5.4851390e-01
   5.4848313e-01
   5.4845434e-01
   5.4842772e-01
   5.4840347e-01
   5.4838180e-01
   5.4836292e-01
   5.4834705e-01
   5.4833438e-01
   5.4832507e-01
   5.4831926e-01
   5.4831700e-01
   5.4831827e-01
   5.4832291e-01
   5.4833066e-01
   5.4834111e-01
   5.4835372e-01
   5.4836780e-01
   5.4838261e-01
   5.4839732e-01
   5.4841114e-01
   5.4842334e-01
   5.4843328e-01
   5.4844049e-01
   5.4844464e-01
   5.4844557e-01
   5.4844326e-01
   5.4843782e-01
   5.4842944e-01
   5.4841836e-01
   5.4840486e-01
   5.4838923e-01
   5.4837176e-01
   5.4835272e-01
   5.4833236e-01
   5.4831089e-01
   5.4828853e-01
   5.4826545e-01
   5.4824179e-01
   5.4821769e-01
   5.4819328e-01
   5.4816864e-01
   5.4814387e-01
   5.4811904e-01
   5.4809422e-01
   5.4806945e-01
   5.4804480e-01
   5.4802030e-01
   5.4799598e-01
   5.4797188e-01
   5.4794801e-01
   5.4792441e-01
   5.4790108e-01
   5.4787804e-01
   5.4785530e-01
   5.4783286e-01
   5.4781074e-01
   5.4778894e-01
   5.4776746e-01
   5.4774630e-01
   5.4772547e-01
   5.4770495e-01
   5.4768476e-01
   5.4766488e-01
   5.4764532e-01
   5.4762607e-01
   5.4760714e-01
   5.4758850e-01
   5.4757018e-01
   5.4755215e-01
   5.4753441e-01
   5.4751697e-01
   5.4749982e-01
   5.4748296e-01
   5.4746638e-01
   5.4745008e-01
   5.4743405e-01
   5.4741830e-01
   5.4740283e-01
   5.4738763e-01
   5.4737269e-01
   5.4735802e-01
   5.4734362e-01
   5.4732948e-01
   5.4731560e-01
   5.4730198e-01
   5.4728863e-01
   5.4727553e-01
   5.4726269e-01
   5.4725011e-01
   5.4723779e-01
   5.4722572e-01
   5.4721392e-01
   5.4720236e-01
   5.4719107e-01
   5.4718003e-01
   5.4716924e-01
   5.4715871e-01
   5.4714844e-01
   5.4713841e-01
   5.4712864e-01
   5.4711911e-01
   5.4710983e-01
   5.4710079e-01
   5.4709199e-01
   5.4708342e-01
   5.4707508e-01
   5.4706695e-01
   5.4705902e-01
   5.4705128e-01
   5.4704372e-01
   5.4703633e-01
   5.4702907e-01
   5.4702193e-01
   5.4701488e-01
   5.4700791e-01
   5.4700098e-01
   5.4699406e-01
   5.4698713e-01
   5.4698016e-01
   5.4697311e-01
   5.4696596e-01
   5.4695867e-01
   5.4695123e-01
   5.4694361e-01
   5.4693580e-01
   5.4692776e-01
   5.4691950e-01
   5.4691100e-01
   5.4690226e-01
   5.4689327e-01
   5.4688404e-01
   5.4687457e-01
   5.4686487e-01
   5.4685494e-01
   5.4684481e-01
   5.4683448e-01
   5.4682397e-01
   5.4681329e-01
   5.4680246e-01
   5.4679149e-01
   5.4678039e-01
   5.4676919e-01
   5.4675790e-01
   5.4674652e-01
   5.4673508e-01
   5.4672357e-01
   5.4671203e-01
   5.4670045e-01
   5.4668884e-01
   5.4667722e-01
   5.4666558e-01
   5.4665395e-01
   5.4664232e-01
   5.4663070e-01
   5.4661910e-01
   5.4660751e-01
   5.4659596e-01
   5.4658443e-01
   5.4657294e-01
   5.4656148e-01
   5.4655007e-01
   5.4653869e-01
   5.4652736e-01
   5.4651608e-01
   5.4650485e-01
   5.4649367e-01
   5.4648255e-01
   5.4647148e-01
   5.4646046e-01
   5.4644951e-01
   5.4643861e-01
   5.4642778e-01
   5.4641700e-01
   5.4640629e-01
   5.4639564e-01
   5.4638506e-01
   5.4637454e-01
   5.4636409e-01
   5.4635370e-01
   5.4634338e-01
   5.4633313e-01
   5.4632295e-01
   5.4631283e-01
   5.4630278e-01
   5.4629280e-01
   5.4628289e-01
   5.4627305e-01
   5.4626327e-01
   5.4625357e-01
   5.4624393e-01
   5.4623436e-01
   5.4622486e-01
   5.4621543e-01
   5.4620607e-01
   5.4619678e-01
   5.4618755e-01
   5.4617839e-01
   5.4616929e-01
   5.4616026e-01
   5.4615130e-01
   5.4614241e-01
   5.4613357e-01
   5.4612480e-01
   5.4611610e-01
   5.4610745e-01
   5.4609887e-01
   5.4609035e-01
   5.4608189e-01
   5.4607349e-01
   5.4606515e-01
   5.4605687e-01
   5.4604864e-01
   5.4604047e-01
   5.4603236e-01
   5.4602429e-01
   5.4601629e-01
   5.4600833e-01
   5.4600043e-01
   5.4599257e-01
   5.4598477e-01
   5.4597701e-01
   5.4596930e-01
   5.4596163e-01
   5.4595402e-01
   5.4594644e-01
   5.4593891e-01
   5.4593142e-01
   5.4592397e-01
   5.4591656e-01
   5.4590918e-01
   5.4590185e-01
   5.4589455e-01
   5.4588729e-01
   5.4588006e-01
   5.4587286e-01
   5.4586569e-01
   5.4585856e-01
   5.4585145e-01
   5.4584438e-01
   5.4583733e-01
   5.4583030e-01
   5.4582330e-01
   5.4581633e-01
   5.4580938e-01
   5.4580245e-01
   5.4579554e-01
   5.4578866e-01
   5.4578179e-01
   5.4577494e-01
   5.4576811e-01
   5.4576129e-01
   5.4575449e-01
   5.4574770e-01
   5.4574093e-01
   5.4573417e-01
