   6.7553041e-01
   6.2542124e-01
   5.9551161e-01
   5.7787528e-01
   5.6724242e-01
   5.6052957e-01
   5.5608211e-01
   5.5302214e-01
   5.5086669e-01
   5.4933187e-01
   5.4823814e-01
   5.4746510e-01
   5.4692865e-01
   5.4656840e-01
   5.4634011e-01
   5.4621086e-01
   5.4615595e-01
   5.4615671e-01
   5.4619901e-01
   5.4627216e-01
   5.4636810e-01
   5.4648074e-01
   5.4660555e-01
   5.4673908e-01
   5.4687879e-01
   5.4702273e-01
   5.4716943e-01
   5.4731773e-01
   5.4746673e-01
   5.4761568e-01
   5.4776396e-01
   5.4791104e-01
   5.4805645e-01
   5.4819978e-01
   5.4834067e-01
   5.4847877e-01
   5.4861382e-01
   5.4874556e-01
   5.4887377e-01
   5.4899828e-01
   5.4911895e-01
   5.4923566e-01
   5.4934834e-01
   5.4945692e-01
   5.4956138e-01
   5.4966172e-01
   5.4975793e-01
   5.4985007e-01
   5.4993816e-01
   5.5002227e-01
   5.5010246e-01
   5.5017882e-01
   5.5025143e-01
   5.5032038e-01
   5.5038579e-01
   5.5044774e-01
   5.5050634e-01
   5.5056171e-01
   5.5061396e-01
   5.5066319e-01
   5.5070951e-01
   5.5075303e-01
   5.5079386e-01
   5.5083211e-01
   5.5086788e-01
   5.5090128e-01
   5.5093239e-01
   5.5096132e-01
   5.5098816e-01
   5.5101301e-01
   5.5103594e-01
   5.5105705e-01
   5.5107641e-01
   5.5109411e-01
   5.5111022e-01
   5.5112482e-01
   5.5113796e-01
   5.5114972e-01
   5.5116016e-01
   5.5116935e-01
   5.5117733e-01
   5.5118416e-01
   5.5118990e-01
   5.5119459e-01
   5.5119828e-01
   5.5120101e-01
   5.5120283e-01
   5.5120377e-01
   5.5120387e-01
   5.5120317e-01
   5.5120169e-01
   5.5119947e-01
   5.5119654e-01
   5.5119291e-01
   5.5118862e-01
   5.5118369e-01
   5.5117814e-01
   5.5117198e-01
   5.5116523e-01
   5.5115790e-01
   5.5115002e-01
   5.5114158e-01
   5.5113261e-01
   5.5112312e-01
   5.5111311e-01
   5.5110258e-01
   5.5109156e-01
   5.5108005e-01
   5.5106805e-01
   5.5105557e-01
   5.5104262e-01
   5.5102921e-01
   5.5101534e-01
   5.5100101e-01
   5.5098624e-01
   5.5097104e-01
   5.5095540e-01
   5.5093934e-01
   5.5092286e-01
   5.5090597e-01
   5.5088868e-01
   5.5087100e-01
   5.5085292e-01
   5.5083447e-01
   5.5081565e-01
   5.5079646e-01
   5.5077693e-01
   5.5075704e-01
   5.5073683e-01
   5.5071628e-01
   5.5069543e-01
   5.5067426e-01
   5.5065281e-01
   5.5063107e-01
   5.5060906e-01
   5.5058679e-01
   5.5056427e-01
   5.5054151e-01
   5.5051854e-01
   5.5049535e-01
   5.5047197e-01
   5.5044840e-01
   5.5042467e-01
   5.5040079e-01
   5.5037677e-01
   5.5035262e-01
   5.5032837e-01
   5.5030403e-01
   5.5027961e-01
   5.5025514e-01
   5.5023063e-01
   5.5020611e-01
   5.5018158e-01
   5.5015707e-01
   5.5013259e-01
   5.5010818e-01
   5.5008384e-01
   5.5005961e-01
   5.5003550e-01
   5.5001154e-01
   5.4998775e-01
   5.4996416e-01
   5.4994079e-01
   5.4991767e-01
   5.4989483e-01
   5.4987229e-01
   5.4985009e-01
   5.4982825e-01
   5.4980682e-01
   5.4978581e-01
   5.4976527e-01
   5.4974523e-01
   5.4972573e-01
   5.4970680e-01
   5.4968848e-01
   5.4967080e-01
   5.4965381e-01
   5.4963754e-01
   5.4962203e-01
   5.4960732e-01
   5.4959343e-01
   5.4958041e-01
   5.4956827e-01
   5.4955704e-01
   5.4954675e-01
   5.4953741e-01
   5.4952902e-01
   5.4952160e-01
   5.4951514e-01
   5.4950963e-01
   5.4950505e-01
   5.4950138e-01
   5.4949858e-01
   5.4949662e-01
   5.4949544e-01
   5.4949500e-01
   5.4949525e-01
   5.4949611e-01
   5.4949752e-01
   5.4949941e-01
   5.4950171e-01
   5.4950433e-01
   5.4950720e-01
   5.4951021e-01
   5.4951329e-01
   5.4951633e-01
   5.4951925e-01
   5.4952194e-01
   5.4952430e-01
   5.4952625e-01
   5.4952768e-01
   5.4952853e-01
   5.4952871e-01
   5.4952816e-01
   5.4952682e-01
   5.4952466e-01
   5.4952165e-01
   5.4951776e-01
   5.4951301e-01
   5.4950739e-01
   5.4950090e-01
   5.4949358e-01
   5.4948545e-01
   5.4947653e-01
   5.4946685e-01
   5.4945644e-01
   5.4944535e-01
   5.4943360e-01
   5.4942124e-01
   5.4940830e-01
   5.4939483e-01
   5.4938087e-01
   5.4936646e-01
   5.4935165e-01
   5.4933649e-01
   5.4932103e-01
   5.4930532e-01
   5.4928940e-01
   5.4927333e-01
   5.4925715e-01
   5.4924091e-01
   5.4922464e-01
   5.4920839e-01
   5.4919219e-01
   5.4917607e-01
   5.4916007e-01
   5.4914420e-01
   5.4912849e-01
   5.4911297e-01
   5.4909764e-01
   5.4908252e-01
   5.4906763e-01
   5.4905296e-01
   5.4903852e-01
   5.4902432e-01
   5.4901035e-01
   5.4899660e-01
   5.4898307e-01
   5.4896974e-01
   5.4895659e-01
   5.4894360e-01
   5.4893074e-01
   5.4891798e-01
   5.4890528e-01
   5.4889260e-01
   5.4887988e-01
   5.4886707e-01
   5.4885413e-01
   5.4884099e-01
   5.4882762e-01
   5.4881397e-01
   5.4880000e-01
   5.4878569e-01
   5.4877102e-01
   5.4875600e-01
   5.4874065e-01
   5.4872497e-01
   5.4870901e-01
   5.4869281e-01
   5.4867643e-01
   5.4865991e-01
   5.4864332e-01
   5.4862671e-01
   5.4861015e-01
   5.4859368e-01
   5.4857737e-01
   5.4856126e-01
   5.4854539e-01
   5.4852979e-01
   5.4851450e-01
   5.4849954e-01
   5.4848494e-01
   5.4847071e-01
   5.4845686e-01
   5.4844340e-01
   5.4843036e-01
   5.4841772e-01
   5.4840549e-01
   5.4839367e-01
   5.4838228e-01
   5.4837129e-01
   5.4836072e-01
   5.4835056e-01
   5.4834080e-01
   5.4833144e-01
   5.4832247e-01
   5.4831389e-01
   5.4830569e-01
   5.4829787e-01
   5.4829040e-01
   5.4828329e-01
   5.4827652e-01
   5.4827008e-01
   5.4826397e-01
   5.4825817e-01
   5.4825267e-01
   5.4824746e-01
   5.4824252e-01
   5.4823785e-01
   5.4823343e-01
   5.4822925e-01
   5.4822530e-01
   5.4822156e-01
   5.4821803e-01
   5.4821468e-01
   5.4821151e-01
   5.4820851e-01
   5.4820565e-01
   5.4820294e-01
   5.4820035e-01
   5.4819788e-01
   5.4819551e-01
   5.4819323e-01
   5.4819102e-01
   5.4818889e-01
   5.4818680e-01
   5.4818475e-01
   5.4818273e-01
   5.4818073e-01
   5.4817873e-01
   5.4817672e-01
   5.4817468e-01
   5.4817261e-01
   5.4817050e-01
   5.4816832e-01
   5.4816607e-01
   5.4816373e-01
   5.4816130e-01
   5.4815876e-01
   5.4815610e-01
   5.4815332e-01
   5.4815040e-01
   5.4814733e-01
   5.4814412e-01
   5.4814074e-01
   5.4813720e-01
   5.4813350e-01
   5.4812963e-01
   5.4812559e-01
   5.4812139e-01
   5.4811702e-01
   5.4811249e-01
   5.4810781e-01
   5.4810297e-01
   5.4809800e-01
   5.4809288e-01
   5.4808764e-01
   5.4808228e-01
   5.4807681e-01
   5.4807124e-01
   5.4806557e-01
   5.4805982e-01
   5.4805400e-01
   5.4804811e-01
   5.4804217e-01
   5.4803617e-01
   5.4803014e-01
   5.4802406e-01
   5.4801796e-01
   5.4801184e-01
   5.4800570e-01
   5.4799955e-01
   5.4799340e-01
   5.4798724e-01
   5.4798108e-01
   5.4797493e-01
   5.4796879e-01
   5.4796266e-01
   5.4795655e-01
   5.4795045e-01
   5.4794437e-01
   5.4793831e-01
   5.4793228e-01
   5.4792627e-01
   5.4792029e-01
   5.4791433e-01
   5.4790840e-01
   5.4790250e-01
   5.4789663e-01
   5.4789079e-01
   5.4788498e-01
   5.4787919e-01
   5.4787344e-01
   5.4786773e-01
   5.4786204e-01
   5.4785639e-01
   5.4785076e-01
   5.4784517e-01
   5.4783962e-01
   5.4783409e-01
   5.4782860e-01
   5.4782313e-01
   5.4781770e-01
   5.4781231e-01
   5.4780694e-01
   5.4780161e-01
   5.4779631e-01
   5.4779104e-01
   5.4778580e-01
   5.4778060e-01
   5.4777542e-01
   5.4777028e-01
   5.4776517e-01
   5.4776010e-01
   5.4775505e-01
   5.4775003e-01
   5.4774505e-01
   5.4774010e-01
   5.4773518e-01
   5.4773029e-01
   5.4772543e-01
   5.4772060e-01
   5.4771580e-01
   5.4771104e-01
   5.4770630e-01
   5.4770160e-01
   5.4769693e-01
   5.4769228e-01
   5.4768767e-01
   5.4768309e-01
   5.4767854e-01
   5.4767402e-01
   5.4766953e-01
   5.4766507e-01
   5.4766063e-01
   5.4765623e-01
   5.4765186e-01
   5.4764752e-01
   5.4764321e-01
   5.4763892e-01
   5.4763467e-01
   5.4763044e-01
   5.4762625e-01
   5.4762208e-01
   5.4761794e-01
   5.4761383e-01
   5.4760974e-01
   5.4760568e-01
   5.4760165e-01
   5.4759765e-01
   5.4759367e-01
   5.4758972e-01
   5.4758580e-01
   5.4758190e-01
   5.4757803e-01
   5.4757418e-01
   5.4757036e-01
   5.4756656e-01
   5.4756279e-01
   5.4755904e-01
   5.4755531e-01
   5.4755161e-01
   5.4754793e-01
   5.4754427e-01
   5.4754063e-01
   5.4753701e-01
   5.4753342e-01
   5.4752984e-01
   5.4752629e-01
   5.4752275e-01
   5.4751923e-01
   5.4751574e-01
   5.4751226e-01
   5.4750879e-01
   5.4750535e-01
   5.4750192e-01
   5.4749851e-01
   5.4749511e-01
   5.4749173e-01
   5.4748836e-01
   5.4748501e-01
   5.4748167e-01
   5.4747834e-01
   5.4747502e-01
   5.4747172e-01
   5.4746843e-01
   5.4746514e-01
   5.4746187e-01
   5.4745861e-01
   5.4745536e-01
