   6.9216001e-01
   6.5643625e-01
   6.2123516e-01
   5.9288459e-01
   5.7520140e-01
   5.6512137e-01
   5.5922816e-01
   5.5557784e-01
   5.5319341e-01
   5.5158050e-01
   5.5047699e-01
   5.4973071e-01
   5.4924207e-01
   5.4894034e-01
   5.4877403e-01
   5.4870572e-01
   5.4870822e-01
   5.4876174e-01
   5.4885171e-01
   5.4896734e-01
   5.4910048e-01
   5.4924498e-01
   5.4939604e-01
   5.4954995e-01
   5.4970375e-01
   5.4985517e-01
   5.5000257e-01
   5.5014495e-01
   5.5028190e-01
   5.5041361e-01
   5.5054062e-01
   5.5066372e-01
   5.5078367e-01
   5.5090113e-01
   5.5101655e-01
   5.5113020e-01
   5.5124221e-01
   5.5135259e-01
   5.5146128e-01
   5.5156821e-01
   5.5167326e-01
   5.5177636e-01
   5.5187741e-01
   5.5197633e-01
   5.5207306e-01
   5.5216754e-01
   5.5225975e-01
   5.5234966e-01
   5.5243724e-01
   5.5252252e-01
   5.5260548e-01
   5.5268617e-01
   5.5276460e-01
   5.5284082e-01
   5.5291488e-01
   5.5298681e-01
   5.5305667e-01
   5.5312452e-01
   5.5319040e-01
   5.5325438e-01
   5.5331650e-01
   5.5337682e-01
   5.5343539e-01
   5.5349228e-01
   5.5354753e-01
   5.5360119e-01
   5.5365332e-01
   5.5370397e-01
   5.5375318e-01
   5.5380101e-01
   5.5384750e-01
   5.5389270e-01
   5.5393665e-01
   5.5397939e-01
   5.5402097e-01
   5.5406142e-01
   5.5410078e-01
   5.5413909e-01
   5.5417638e-01
   5.5421269e-01
   5.5424804e-01
   5.5428247e-01
   5.5431600e-01
   5.5434866e-01
   5.5438048e-01
   5.5441149e-01
   5.5444170e-01
   5.5447114e-01
   5.5449983e-01
   5.5452780e-01
   5.5455506e-01
   5.5458164e-01
   5.5460755e-01
   5.5463282e-01
   5.5465746e-01
   5.5468150e-01
   5.5470494e-01
   5.5472781e-01
   5.5475013e-01
   5.5477191e-01
   5.5479317e-01
   5.5481391e-01
   5.5483417e-01
   5.5485395e-01
   5.5487326e-01
   5.5489213e-01
   5.5491056e-01
   5.5492856e-01
   5.5494615e-01
   5.5496334e-01
   5.5498014e-01
   5.5499656e-01
   5.5501261e-01
   5.5502831e-01
   5.5504365e-01
   5.5505865e-01
   5.5507332e-01
   5.5508767e-01
   5.5510170e-01
   5.5511542e-01
   5.5512885e-01
   5.5514197e-01
   5.5515482e-01
   5.5516738e-01
   5.5517966e-01
   5.5519168e-01
   5.5520344e-01
   5.5521494e-01
   5.5522619e-01
   5.5523720e-01
   5.5524797e-01
   5.5525850e-01
   5.5526880e-01
   5.5527888e-01
   5.5528874e-01
   5.5529838e-01
   5.5530781e-01
   5.5531703e-01
   5.5532606e-01
   5.5533488e-01
   5.5534351e-01
   5.5535195e-01
   5.5536020e-01
   5.5536827e-01
   5.5537615e-01
   5.5538387e-01
   5.5539141e-01
   5.5539878e-01
   5.5540599e-01
   5.5541304e-01
   5.5541993e-01
   5.5542666e-01
   5.5543324e-01
   5.5543967e-01
   5.5544596e-01
   5.5545210e-01
   5.5545811e-01
   5.5546397e-01
   5.5546970e-01
   5.5547530e-01
   5.5548078e-01
   5.5548612e-01
   5.5549135e-01
   5.5549645e-01
   5.5550143e-01
   5.5550630e-01
   5.5551106e-01
   5.5551570e-01
   5.5552024e-01
   5.5552467e-01
   5.5552900e-01
   5.5553323e-01
   5.5553736e-01
   5.5554139e-01
   5.5554533e-01
   5.5554918e-01
   5.5555294e-01
   5.5555660e-01
   5.5556019e-01
   5.5556368e-01
   5.5556710e-01
   5.5557043e-01
   5.5557368e-01
   5.5557686e-01
   5.5557996e-01
   5.5558299e-01
   5.5558594e-01
   5.5558881e-01
   5.5559162e-01
   5.5559436e-01
   5.5559702e-01
   5.5559962e-01
   5.5560215e-01
   5.5560461e-01
   5.5560700e-01
   5.5560933e-01
   5.5561160e-01
   5.5561380e-01
   5.5561594e-01
   5.5561801e-01
   5.5562002e-01
   5.5562197e-01
   5.5562386e-01
   5.5562569e-01
   5.5562746e-01
   5.5562918e-01
   5.5563084e-01
   5.5563244e-01
   5.5563400e-01
   5.5563550e-01
   5.5563695e-01
   5.5563835e-01
   5.5563970e-01
   5.5564101e-01
   5.5564228e-01
   5.5564350e-01
   5.5564468e-01
   5.5564583e-01
   5.5564693e-01
   5.5564800e-01
   5.5564904e-01
   5.5565004e-01
   5.5565101e-01
   5.5565195e-01
   5.5565287e-01
   5.5565375e-01
   5.5565461e-01
   5.5565544e-01
   5.5565625e-01
   5.5565703e-01
   5.5565780e-01
   5.5565854e-01
   5.5565925e-01
   5.5565995e-01
   5.5566063e-01
   5.5566129e-01
   5.5566193e-01
   5.5566256e-01
   5.5566316e-01
   5.5566375e-01
   5.5566433e-01
   5.5566489e-01
   5.5566543e-01
   5.5566596e-01
   5.5566648e-01
   5.5566698e-01
   5.5566747e-01
   5.5566794e-01
   5.5566841e-01
   5.5566886e-01
   5.5566930e-01
   5.5566973e-01
   5.5567014e-01
   5.5567055e-01
   5.5567095e-01
   5.5567133e-01
   5.5567171e-01
   5.5567208e-01
   5.5567243e-01
   5.5567278e-01
   5.5567312e-01
   5.5567345e-01
   5.5567378e-01
   5.5567409e-01
   5.5567440e-01
   5.5567470e-01
   5.5567499e-01
   5.5567527e-01
   5.5567555e-01
   5.5567582e-01
   5.5567608e-01
   5.5567634e-01
   5.5567659e-01
   5.5567684e-01
   5.5567707e-01
   5.5567731e-01
   5.5567753e-01
   5.5567775e-01
   5.5567797e-01
   5.5567818e-01
   5.5567838e-01
   5.5567858e-01
   5.5567877e-01
   5.5567896e-01
   5.5567914e-01
   5.5567932e-01
   5.5567950e-01
   5.5567967e-01
   5.5567983e-01
   5.5567999e-01
   5.5568015e-01
   5.5568030e-01
   5.5568045e-01
   5.5568059e-01
   5.5568073e-01
   5.5568086e-01
   5.5568100e-01
   5.5568112e-01
   5.5568125e-01
   5.5568137e-01
   5.5568149e-01
   5.5568160e-01
   5.5568171e-01
   5.5568182e-01
   5.5568193e-01
   5.5568203e-01
   5.5568213e-01
   5.5568223e-01
   5.5568233e-01
   5.5568242e-01
   5.5568251e-01
   5.5568260e-01
   5.5568268e-01
   5.5568277e-01
   5.5568285e-01
   5.5568293e-01
   5.5568301e-01
   5.5568308e-01
   5.5568315e-01
   5.5568323e-01
   5.5568330e-01
   5.5568336e-01
   5.5568343e-01
   5.5568350e-01
   5.5568356e-01
   5.5568362e-01
   5.5568368e-01
   5.5568374e-01
   5.5568380e-01
   5.5568385e-01
   5.5568390e-01
   5.5568396e-01
   5.5568401e-01
   5.5568406e-01
   5.5568410e-01
   5.5568415e-01
   5.5568420e-01
   5.5568424e-01
   5.5568428e-01
   5.5568432e-01
   5.5568436e-01
   5.5568440e-01
   5.5568444e-01
   5.5568448e-01
   5.5568451e-01
   5.5568454e-01
   5.5568458e-01
   5.5568461e-01
   5.5568464e-01
   5.5568467e-01
   5.5568470e-01
   5.5568473e-01
   5.5568476e-01
   5.5568478e-01
   5.5568481e-01
   5.5568483e-01
   5.5568486e-01
   5.5568488e-01
   5.5568491e-01
   5.5568493e-01
   5.5568496e-01
   5.5568498e-01
   5.5568500e-01
   5.5568502e-01
   5.5568504e-01
   5.5568506e-01
   5.5568508e-01
   5.5568510e-01
   5.5568512e-01
   5.5568514e-01
   5.5568516e-01
   5.5568518e-01
   5.5568520e-01
   5.5568521e-01
   5.5568523e-01
   5.5568525e-01
   5.5568526e-01
   5.5568528e-01
   5.5568530e-01
   5.5568531e-01
   5.5568533e-01
   5.5568534e-01
   5.5568535e-01
   5.5568537e-01
   5.5568538e-01
   5.5568540e-01
   5.5568541e-01
   5.5568542e-01
   5.5568543e-01
   5.5568545e-01
   5.5568546e-01
   5.5568547e-01
   5.5568548e-01
   5.5568549e-01
   5.5568550e-01
   5.5568551e-01
   5.5568552e-01
   5.5568553e-01
   5.5568554e-01
   5.5568555e-01
   5.5568556e-01
   5.5568557e-01
   5.5568558e-01
   5.5568559e-01
   5.5568560e-01
   5.5568561e-01
   5.5568562e-01
   5.5568562e-01
   5.5568563e-01
   5.5568564e-01
   5.5568565e-01
   5.5568565e-01
   5.5568566e-01
   5.5568567e-01
   5.5568567e-01
   5.5568568e-01
   5.5568569e-01
   5.5568569e-01
   5.5568570e-01
   5.5568571e-01
   5.5568571e-01
   5.5568572e-01
   5.5568572e-01
   5.5568573e-01
   5.5568573e-01
   5.5568574e-01
   5.5568574e-01
   5.5568575e-01
   5.5568575e-01
   5.5568576e-01
   5.5568576e-01
   5.5568577e-01
   5.5568577e-01
   5.5568578e-01
   5.5568578e-01
   5.5568578e-01
   5.5568579e-01
   5.5568579e-01
   5.5568579e-01
   5.5568580e-01
   5.5568580e-01
   5.5568580e-01
   5.5568581e-01
   5.5568581e-01
   5.5568581e-01
   5.5568582e-01
   5.5568582e-01
   5.5568582e-01
   5.5568583e-01
   5.5568583e-01
   5.5568583e-01
   5.5568583e-01
   5.5568584e-01
   5.5568584e-01
   5.5568584e-01
   5.5568584e-01
   5.5568585e-01
   5.5568585e-01
   5.5568585e-01
   5.5568585e-01
   5.5568585e-01
   5.5568586e-01
   5.5568586e-01
   5.5568586e-01
   5.5568586e-01
   5.5568586e-01
   5.5568587e-01
   5.5568587e-01
   5.5568587e-01
   5.5568587e-01
   5.5568587e-01
   5.5568587e-01
   5.5568588e-01
   5.5568588e-01
   5.5568588e-01
   5.5568588e-01
   5.5568588e-01
   5.5568588e-01
   5.5568588e-01
   5.5568588e-01
   5.5568589e-01
   5.5568589e-01
   5.5568589e-01
   5.5568589e-01
   5.5568589e-01
   5.5568589e-01
   5.5568589e-01
   5.5568589e-01
   5.5568589e-01
   5.5568590e-01
   5.5568590e-01
   5.5568590e-01
   5.5568590e-01
   5.5568590e-01
   5.5568590e-01
   5.5568590e-01
   5.5568590e-01
   5.5568590e-01
   5.5568590e-01
   5.5568590e-01
